Price        Adj Close       Close        High         Low        Open     Volume
Date                                                                             
2024-06-03  176.289993  176.289993  182.639999  174.490005  178.130005   68568900
2024-06-04  174.770004  174.770004  177.759995  174.000000  174.779999   60056300
2024-06-05  175.000000  175.000000  176.149994  172.130005  175.350006   57953800
2024-06-06  177.940002  177.940002  179.729996  172.729996  174.600006   69887000
2024-06-07  177.479996  177.479996  179.350006  175.580002  176.130005   56244900
2024-06-10  173.789993  173.789993  178.570007  173.169998  176.059998   50869700
2024-06-11  170.660004  170.660004  174.750000  167.410004  173.919998   64761900
2024-06-12  177.289993  177.289993  180.550003  169.800003  171.119995   90389400
2024-06-13  182.470001  182.470001  191.080002  181.229996  188.389999  118984100
2024-06-14  178.009995  178.009995  186.000000  176.919998  185.800003   82038200
2024-06-17  187.440002  187.440002  188.809998  177.000000  177.919998  109786100
2024-06-18  184.860001  184.860001  187.199997  182.369995  186.559998   68982300
2024-06-20  181.570007  181.570007  185.210007  179.660004  184.679993   55893100
2024-06-21  183.009995  183.009995  183.949997  180.690002  182.300003   63029500
2024-06-24  182.580002  182.580002  188.800003  182.550003  184.970001   61992100
2024-06-25  187.350006  187.350006  187.970001  182.009995  184.399994   63678300
2024-06-26  196.369995  196.369995  197.759995  186.360001  186.539993   95737100
2024-06-27  197.419998  197.419998  198.720001  194.050003  195.169998   72746500
2024-06-28  197.880005  197.880005  203.199997  195.259995  199.550003   95438100
2024-07-01  209.860001  209.860001  213.229996  200.850006  201.020004  135691400
2024-07-02  231.259995  231.259995  231.300003  218.059998  218.889999  205047900
2024-07-03  246.389999  246.389999  248.350006  234.250000  234.559998  166561500
2024-07-05  251.520004  251.520004  252.369995  242.460007  249.809998  154501200
2024-07-08  252.940002  252.940002  259.440002  244.570007  247.710007  157219600
2024-07-09  262.329987  262.329987  265.609985  250.300003  251.000000  160210900
2024-07-10  263.260010  263.260010  267.589996  257.859985  262.799988  128519400
2024-07-11  241.029999  241.029999  271.000000  239.649994  263.299988  221707300
2024-07-12  248.229996  248.229996  251.839996  233.089996  235.800003  155955800
2024-07-15  252.639999  252.639999  265.600006  251.729996  255.970001  146912900
2024-07-16  256.559998  256.559998  258.619995  245.800003  255.309998  126332500
2024-07-17  248.500000  248.500000  258.470001  246.179993  252.729996  115584800
2024-07-18  249.229996  249.229996  257.140015  247.199997  251.089996  110869000
2024-07-19  239.199997  239.199997  249.440002  236.830002  247.789993   87403900
2024-07-22  251.509995  251.509995  253.210007  243.750000  244.210007  101225400
2024-07-23  246.380005  246.380005  255.759995  245.630005  253.600006  111928200
2024-07-24  215.990005  215.990005  225.990005  214.710007  225.419998  167942900
2024-07-25  220.250000  220.250000  226.000000  216.229996  216.800003  100636500
2024-07-26  219.800003  219.800003  222.279999  215.330002  221.190002   94604100
2024-07-29  232.100006  232.100006  234.270004  224.699997  224.899994  129201800
2024-07-30  222.619995  222.619995  232.410004  220.000000  232.250000  100560300
2024-07-31  232.070007  232.070007  234.679993  226.789993  227.899994   67497000
2024-08-01  216.860001  216.860001  231.869995  214.330002  227.690002   83861900
2024-08-02  207.669998  207.669998  216.130005  205.779999  214.880005   82880100
2024-08-05  198.880005  198.880005  203.880005  182.000000  185.220001  100308800
2024-08-06  200.639999  200.639999  202.899994  192.669998  200.750000   73783900
2024-08-07  191.759995  191.759995  203.490005  191.479996  200.770004   71159800
2024-08-08  198.839996  198.839996  200.699997  192.039993  195.699997   65033900
2024-08-09  200.000000  200.000000  200.880005  195.110001  197.050003   58648300
2024-08-12  197.490005  197.490005  199.259995  194.669998  199.020004   64044900
2024-08-13  207.830002  207.830002  208.490005  197.059998  198.470001   76247400
2024-08-14  201.380005  201.380005  208.440002  198.750000  207.389999   70250000
2024-08-15  214.139999  214.139999  215.880005  204.820007  205.020004   89848500
2024-08-16  216.119995  216.119995  219.800003  210.800003  211.149994   88765100
2024-08-19  222.720001  222.720001  222.979996  214.089996  217.070007   76435200
2024-08-20  221.100006  221.100006  228.220001  219.559998  224.880005   74001200
2024-08-21  223.270004  223.270004  224.660004  218.860001  222.669998   70146000
2024-08-22  210.660004  210.660004  224.800003  210.320007  223.820007   79514500
2024-08-23  220.320007  220.320007  221.479996  214.210007  214.460007   81525200
2024-08-26  213.210007  213.210007  219.089996  211.009995  218.750000   59301200
2024-08-27  209.210007  209.210007  215.660004  206.940002  213.250000   62821400
2024-08-28  205.750000  205.750000  211.839996  202.589996  209.720001   64116400
2024-08-29  206.279999  206.279999  214.889999  205.970001  209.800003   62308800
2024-08-30  214.110001  214.110001  214.570007  207.029999  208.630005   63370600
2024-09-03  210.600006  210.600006  219.899994  209.639999  215.259995   76714200
2024-09-04  219.410004  219.410004  222.220001  210.570007  210.589996   80651800
2024-09-05  230.169998  230.169998  235.000000  222.250000  223.490005  119355000
2024-09-06  210.729996  210.729996  233.600006  210.509995  232.600006  112177000
2024-09-09  216.270004  216.270004  219.869995  213.669998  216.199997   67443500
2024-09-10  226.169998  226.169998  226.399994  218.639999  220.070007   78891100
2024-09-11  228.130005  228.130005  228.470001  216.800003  224.550003   83548600
2024-09-12  229.809998  229.809998  231.449997  223.830002  224.660004   72020000
2024-09-13  230.289993  230.289993  232.669998  226.320007  228.000000   59515100
2024-09-16  226.779999  226.779999  229.960007  223.529999  229.300003   54323000
2024-09-17  227.869995  227.869995  234.570007  226.550003  229.449997   66761600
2024-09-18  227.199997  227.199997  235.679993  226.880005  230.089996   78010200
2024-09-19  243.919998  243.919998  244.240005  232.130005  234.000000  102694600
2024-09-20  238.250000  238.250000  243.990005  235.919998  241.520004   99879100
2024-09-23  250.000000  250.000000  250.000000  241.919998  242.610001   86927200
2024-09-24  254.270004  254.270004  257.190002  249.050003  254.080002   88491000
2024-09-25  257.019989  257.019989  257.049988  252.279999  252.539993   65034300
2024-09-26  254.220001  254.220001  261.750000  251.529999  260.600006   67142200
2024-09-27  260.459991  260.459991  260.700012  254.119995  257.380005   70988100
2024-09-30  261.630005  261.630005  264.859985  255.770004  259.040009   80705700
2024-10-01  258.019989  258.019989  263.980011  248.529999  262.670013   87397600
2024-10-02  249.020004  249.020004  251.160004  241.500000  247.550003   93983900
2024-10-03  240.660004  240.660004  249.789993  237.809998  244.479996   80729200
2024-10-04  250.080002  250.080002  250.960007  244.580002  246.690002   86573200
2024-10-07  240.830002  240.830002  249.830002  240.699997  249.000000   68113300
2024-10-08  244.500000  244.500000  246.210007  240.559998  243.559998   56303200
2024-10-09  241.050003  241.050003  247.429993  239.509995  243.820007   66289500
2024-10-10  238.770004  238.770004  242.789993  232.339996  241.809998   83087100
2024-10-11  217.800003  217.800003  223.339996  214.380005  220.130005  142628900
2024-10-14  219.160004  219.160004  221.910004  213.740005  220.130005   86291900
2024-10-15  219.570007  219.570007  224.259995  217.119995  220.009995   62988800
2024-10-16  221.330002  221.330002  222.820007  218.929993  221.399994   49632800
2024-10-17  220.889999  220.889999  222.080002  217.899994  221.589996   50791800
2024-10-18  220.699997  220.699997  222.279999  219.229996  220.710007   49611900
2024-10-21  218.850006  218.850006  220.479996  215.729996  218.899994   47329000
2024-10-22  217.970001  217.970001  218.220001  215.259995  217.309998   43268700
2024-10-23  213.649994  213.649994  218.720001  212.110001  217.130005   80938900
2024-10-24  260.480011  260.480011  262.119995  242.649994  244.679993  204491900
2024-10-25  269.190002  269.190002  269.489990  255.320007  256.010010  161611900
2024-10-28  262.510010  262.510010  273.540009  262.239990  270.000000  107653600
2024-10-29  259.519989  259.519989  264.980011  255.509995  264.510010   80521800
2024-10-30  257.549988  257.549988  263.350006  255.820007  258.040009   53993600
2024-10-31  249.850006  249.850006  259.750000  249.250000  257.989990   66575300
2024-11-01  248.979996  248.979996  254.000000  246.630005  252.039993   57544800
2024-11-04  242.839996  242.839996  248.899994  238.880005  244.559998   68802400
2024-11-05  251.440002  251.440002  255.279999  246.210007  247.339996   69282500
2024-11-06  288.529999  288.529999  289.589996  275.619995  284.670013  165228700
2024-11-07  296.910004  296.910004  299.750000  285.519989  288.890015  117309200
2024-11-08  321.220001  321.220001  328.709991  297.660004  299.140015  204782800
2024-11-11  350.000000  350.000000  358.640015  336.000000  346.299988  210521600
2024-11-12  328.489990  328.489990  345.839996  323.309998  342.739990  155726000
2024-11-13  330.239990  330.239990  344.600006  322.500000  335.850006  125405600
2024-11-14  311.179993  311.179993  329.980011  310.369995  327.690002  120726100
2024-11-15  320.720001  320.720001  324.679993  309.220001  310.570007  114440300
2024-11-18  338.739990  338.739990  348.549988  330.010010  340.730011  126547500
2024-11-19  346.000000  346.000000  347.380005  332.750000  335.760010   88852500
2024-11-20  342.029999  342.029999  346.600006  334.299988  345.000000   66340700
2024-11-21  339.640015  339.640015  347.989990  335.279999  343.809998   58011700
2024-11-22  352.559998  352.559998  361.529999  337.700012  341.089996   89140700
2024-11-25  338.589996  338.589996  361.929993  338.200012  360.140015   95890900
2024-11-26  338.230011  338.230011  346.959991  335.660004  341.000000   62295900
2024-11-27  332.890015  332.890015  342.549988  326.589996  341.799988   57896400
2024-11-29  345.160004  345.160004  345.450012  334.649994  336.079987   37167600
2024-12-02  357.089996  357.089996  360.000000  351.149994  352.380005   77986500
2024-12-03  351.420013  351.420013  355.690002  348.200012  351.799988   58267200
2024-12-04  357.929993  357.929993  358.100006  348.600006  353.000000   50810900
2024-12-05  369.489990  369.489990  375.429993  359.500000  359.869995   81403600
2024-12-06  389.220001  389.220001  389.489990  370.799988  377.420013   81455800
2024-12-09  389.790009  389.790009  404.799988  378.010010  397.609985   96359200
2024-12-10  400.989990  400.989990  409.730011  390.850006  392.679993   97563600
2024-12-11  424.769989  424.769989  424.880005  402.380005  409.700012  104287600
2024-12-12  418.100006  418.100006  429.299988  415.000000  424.839996   87752200
2024-12-13  436.230011  436.230011  436.299988  415.709991  420.000000   89000200
2024-12-16  463.019989  463.019989  463.190002  436.149994  441.089996  114083800
2024-12-17  479.859985  479.859985  483.989990  457.510010  475.899994  131223000
2024-12-18  440.130005  440.130005  488.540009  427.010010  466.500000  149340800
2024-12-19  436.170013  436.170013  456.359985  420.019989  451.880005  118566100
2024-12-20  421.059998  421.059998  447.079987  417.640015  425.510010  132216200
2024-12-23  430.600006  430.600006  434.510010  415.410004  431.000000   72698100
2024-12-24  462.279999  462.279999  462.779999  435.140015  435.899994   59551800
2024-12-26  454.130005  454.130005  465.329987  451.019989  465.160004   76366400
2024-12-27  431.660004  431.660004  450.000000  426.500000  449.519989   82666800
2024-12-30  417.410004  417.410004  427.000000  415.750000  419.399994   64941000
2024-12-31  403.839996  403.839996  427.929993  402.540009  423.790009   76825100
2025-01-02  379.279999  379.279999  392.730011  373.040009  390.100006  109710700
2025-01-03  410.440002  410.440002  411.880005  379.450012  381.480011   95423300
2025-01-06  411.049988  411.049988  426.429993  401.700012  423.200012   85516500
2025-01-07  394.359985  394.359985  414.329987  390.000000  405.829987   75699500
2025-01-08  394.940002  394.940002  402.500000  387.399994  392.950012   73038800
2025-01-10  394.739990  394.739990  399.279999  377.290009  391.399994   62287300
2025-01-13  403.309998  403.309998  403.790009  380.070007  383.209991   67580500
2025-01-14  396.359985  396.359985  422.640015  394.540009  414.339996   84565000
2025-01-15  428.220001  428.220001  429.799988  405.660004  409.899994   81375500
2025-01-16  413.820007  413.820007  424.000000  409.130005  423.489990   68335200
2025-01-17  426.500000  426.500000  439.739990  419.750000  421.500000   94991400
2025-01-21  424.070007  424.070007  433.200012  406.309998  432.640015   87320900
2025-01-22  415.109985  415.109985  428.000000  414.589996  416.809998   60963300
2025-01-23  412.380005  412.380005  420.730011  408.950012  416.059998   50690600
2025-01-24  406.579987  406.579987  418.880005  405.779999  414.450012   56427100
2025-01-27  397.149994  397.149994  406.690002  389.000000  394.799988   58125500
2025-01-28  398.089996  398.089996  400.589996  386.500000  396.910004   48910700
2025-01-29  389.100006  389.100006  398.589996  384.480011  395.209991   68033600
2025-01-30  400.279999  400.279999  412.500000  384.410004  410.779999   98092900
2025-01-31  404.600006  404.600006  419.989990  401.339996  401.529999   83568200
2025-02-03  383.679993  383.679993  389.170013  374.359985  386.679993   93732100
2025-02-04  392.209991  392.209991  394.000000  381.399994  382.630005   57072200
2025-02-05  378.170013  378.170013  388.390015  375.529999  387.510010   57223300
2025-02-06  374.320007  374.320007  375.399994  363.179993  373.029999   77918200
2025-02-07  361.619995  361.619995  380.549988  360.339996  370.190002   70298300
2025-02-10  350.730011  350.730011  362.700012  350.510010  356.209991   77514900
2025-02-11  328.500000  328.500000  349.369995  325.100006  345.799988  118543400
2025-02-12  336.510010  336.510010  346.399994  329.119995  329.940002  105382700
2025-02-13  355.940002  355.940002  358.690002  342.850006  345.000000   89441500
2025-02-14  355.839996  355.839996  362.000000  347.500000  360.619995   68277300
2025-02-18  354.109985  354.109985  359.100006  350.019989  355.010010   51631700
2025-02-19  360.559998  360.559998  367.339996  353.670013  354.000000   67094400
2025-02-20  354.399994  354.399994  362.299988  348.000000  361.510010   45965400
2025-02-21  337.799988  337.799988  354.980011  334.420013  353.440002   74058600
2025-02-24  330.529999  330.529999  342.399994  324.700012  338.140015   76052300
2025-02-25  302.799988  302.799988  328.890015  297.250000  327.019989  134228800
2025-02-26  290.799988  290.799988  309.000000  288.040009  303.709991  100118300
2025-02-27  281.950012  281.950012  297.230011  280.880005  291.160004  101748200
2025-02-28  292.980011  292.980011  293.880005  273.600006  279.500000  115697000
2025-03-03  284.649994  284.649994  303.940002  277.299988  300.339996  115551400
2025-03-04  272.040009  272.040009  284.350006  261.839996  270.929993  126706600
2025-03-05  279.100006  279.100006  279.549988  267.709991  272.920013   94042900
2025-03-06  263.450012  263.450012  272.649994  260.019989  272.059998   98451600
2025-03-07  262.670013  262.670013  266.250000  250.729996  259.320007  102369600
2025-03-10  222.149994  222.149994  253.369995  220.000000  252.539993  189076900
2025-03-11  230.580002  230.580002  237.059998  217.020004  225.309998  174896400
2025-03-12  248.089996  248.089996  251.839996  241.100006  247.220001  142215700
2025-03-13  240.679993  240.679993  248.289993  232.600006  248.130005  114813500
2025-03-14  249.979996  249.979996  251.580002  240.729996  247.309998  100242300
2025-03-17  238.009995  238.009995  245.399994  232.800003  245.059998  111900600
2025-03-18  225.309998  225.309998  230.100006  222.279999  228.160004  111477600
2025-03-19  235.860001  235.860001  241.410004  229.199997  231.610001  111993800
2025-03-20  236.259995  236.259995  238.000000  230.050003  233.350006   99028300
2025-03-21  248.710007  248.710007  249.520004  234.550003  234.990005  132728700
2025-03-24  278.390015  278.390015  278.640015  256.329987  258.079987  169079900
2025-03-25  288.140015  288.140015  288.200012  271.279999  283.600006  150361500
2025-03-26  272.059998  272.059998  284.899994  266.510010  282.660004  153629800
2025-03-27  273.130005  273.130005  291.850006  271.820007  272.480011  162572100
2025-03-28  263.549988  263.549988  276.100006  260.570007  275.579987  123809400
2025-03-31  259.160004  259.160004  260.559998  243.360001  249.309998  134008900
2025-04-01  268.459991  268.459991  277.450012  259.250000  263.799988  146486900
2025-04-02  282.760010  282.760010  284.989990  251.270004  254.600006  212787800
2025-04-03  267.279999  267.279999  276.299988  261.510010  265.290009  136174300
2025-04-04  239.429993  239.429993  261.000000  236.000000  255.380005  181229400
2025-04-07  233.289993  233.289993  252.000000  214.250000  223.779999  183453800
2025-04-08  221.860001  221.860001  250.440002  217.800003  245.000000  171603500
2025-04-09  272.200012  272.200012  274.690002  223.880005  224.690002  219433400
2025-04-10  252.399994  252.399994  262.489990  239.330002  260.000000  181722600
2025-04-11  252.309998  252.309998  257.739990  241.360001  251.839996  128948100
2025-04-14  252.350006  252.350006  261.799988  245.929993  258.359985  100135200
2025-04-15  254.110001  254.110001  258.750000  247.539993  249.910004   79594300
2025-04-16  241.550003  241.550003  251.970001  233.889999  247.610001  112378700
2025-04-17  241.369995  241.369995  244.339996  237.679993  243.470001   83404800
2025-04-21  227.500000  227.500000  232.210007  222.789993  230.259995   97768000
2025-04-22  237.970001  237.970001  242.789993  229.850006  230.960007  120858500
2025-04-23  250.740005  250.740005  259.450012  244.429993  254.860001  150381900
2025-04-24  259.510010  259.510010  259.540009  249.199997  250.500000   94464200
2025-04-25  284.950012  284.950012  286.850006  259.630005  261.690002  167560700
2025-04-28  285.880005  285.880005  294.859985  272.420013  288.980011  151731800
2025-04-29  292.029999  292.029999  293.320007  279.470001  285.500000  108906600
2025-04-30  282.160004  282.160004  284.450012  270.779999  279.899994  128961100
2025-05-01  280.519989  280.519989  290.869995  279.809998  280.010010   99659000
2025-05-02  287.209991  287.209991  294.779999  279.809998  284.899994  114454700
2025-05-05  280.260010  280.260010  284.850006  274.399994  284.570007   94618900
2025-05-06  275.350006  275.350006  277.730011  271.350006  273.109985   76715800
2025-05-07  276.220001  276.220001  277.920013  271.000000  276.880005   71592600
2025-05-08  284.820007  284.820007  289.799988  279.410004  279.630005   97539400
2025-05-09  298.260010  298.260010  307.040009  290.000000  290.209991  132387800
2025-05-12  318.380005  318.380005  322.209991  311.500000  321.989990  112826700
2025-05-13  334.070007  334.070007  337.589996  316.799988  320.000000  136992600
2025-05-14  347.679993  347.679993  350.000000  337.000000  342.500000  136997300
2025-05-15  342.820007  342.820007  346.140015  334.720001  340.339996   97882600
2025-05-16  349.980011  349.980011  351.619995  342.329987  346.239990   95895700
2025-05-19  342.089996  342.089996  343.000000  333.369995  336.299988   88869900
2025-05-20  343.820007  343.820007  354.989990  341.630005  347.869995  131715500
2025-05-21  334.619995  334.619995  347.350006  332.200012  344.429993  102354800
2025-05-22  341.040009  341.040009  347.269989  331.390015  331.899994   97113400
2025-05-23  339.339996  339.339996  343.179993  333.209991  337.920013   84654800
2025-05-27  362.890015  362.890015  363.790009  347.320007  347.350006  120146400
2025-05-28  356.899994  356.899994  365.000000  355.910004  364.839996   91404300
2025-05-29  358.429993  358.429993  367.709991  356.000000  365.290009   88545700
2025-05-30  346.459991  346.459991  363.679993  345.290009  355.519989  123097900