                  High         Low       Close        Volume  SigMA  SigRSI  SigMACD  SigBB  SigOBV  SigATR  SigSto  Signals     %Diff  %TotDiff    Portfolio         Cash    Shares   StockValue     AlgoPort  StrategyReturns
Date                                                                                                                                                                                                                           
2025-05-30  366.998080  355.243999  342.936835  8.328794e+07      0       1        0     -1       0       0       0        0  1.000000       NaN  1000.000000  1000.000000  0.000000     0.000000  1000.000000         1.000000
2025-06-02  369.478432  356.408060  342.685092  9.108519e+07      0       1       -1     -1      -1      -1       0       -3  0.999266       NaN   999.265921  1000.000000  0.000000     0.000000  1000.000000         1.000000
2025-06-03  370.125041  354.914175  339.629600  1.079191e+08      0       1       -1     -1      -1      -1       0       -3  0.991084       NaN   990.356139  1000.000000  0.000000     0.000000  1000.000000         1.000000
2025-06-04  369.603522  355.311080  331.968360  1.012354e+08      0       1       -1     -1      -1      -1       0       -3  0.977442       NaN   968.016050  1000.000000  0.000000     0.000000  1000.000000         1.000000
2025-06-05  368.767609  355.561752  338.371658  1.060479e+08      0       1       -1     -1       1      -1       0       -1  1.019289       NaN   986.687994  1000.000000  0.000000     0.000000  1000.000000         1.000000
2025-06-06  369.128411  356.592436  337.262391  9.601870e+07      0       1       -1     -1      -1      -1       0       -3  0.996722       NaN   983.453385  1000.000000  0.000000     0.000000  1000.000000         1.000000
2025-06-09  367.760962  355.285689  343.127020  9.526653e+07      0       1       -1     -1       1      -1       0       -1  1.017389       NaN  1000.554576  1000.000000  0.000000     0.000000  1000.000000         1.000000
2025-06-10  366.843395  353.784276  349.621584  9.828750e+07      0       1        1     -1       1      -1       0        1  1.018928       NaN  1019.492653     0.000000  2.860235  1000.000000  1000.000000         1.000000
2025-06-11  368.103120  354.217465  356.017861  1.022713e+08      0       1        1     -1       1      -1       0        1  1.018295       NaN  1038.144126     0.000000  2.860235  1018.294857  1018.294857         1.018295
2025-06-12  367.582772  353.393261  361.157258  1.013227e+08      0       1        1     -1       1      -1       0        1  1.014436       NaN  1053.130550     0.000000  2.860235  1032.994741  1032.994741         1.014436
2025-06-13  368.046513  355.559142  356.055458  9.808530e+07      1       1        1     -1      -1      -1       0        0  0.985874       NaN  1038.253760     0.000000  2.860235  1018.402395  1018.402395         0.985874
2025-06-16  369.379874  357.703954  357.297235  9.841490e+07      1       1        1     -1       1      -1       0        2  1.003488       NaN  1041.874766     0.000000  2.860235  1021.954168  1021.954168         1.003488
2025-06-17  368.661500  356.943439  342.708945  9.324086e+07      1       1        1     -1      -1      -1       0        0  0.959170       NaN   999.335474     0.000000  2.860235   980.228225   980.228225         0.959170
2025-06-18  371.135414  358.102998  342.314346  1.003369e+08      1       0        1     -1      -1      -1       0       -1  0.998849       NaN   998.184827   979.099579  0.000000     0.000000   979.099579         0.998849
2025-06-19  371.775610  356.604624  339.629600  1.157416e+08      1       0       -1     -1      -1      -1       0       -3  0.992157       NaN   990.356139   979.099579  0.000000     0.000000   979.099579         1.000000
2025-06-20  371.247703  356.997050  331.968360  1.078493e+08      1       0       -1     -1      -1       1       0       -1  0.977442       NaN   968.016050   979.099579  0.000000     0.000000   979.099579         1.000000
2025-06-23  370.405427  357.243255  338.371658  1.116401e+08      1       0       -1     -1       1       1       1        2  1.019289       NaN   986.687994     0.000000  2.893563   979.099579   979.099579         1.000000
2025-06-24  370.759890  358.269485  337.262391  1.007470e+08      1       0       -1     -1      -1       1       0       -1  0.996722       NaN   983.453385   975.889847  0.000000     0.000000   975.889847         0.996722
2025-06-25  369.386127  356.958295  343.127020  9.926432e+07      1       0       -1     -1       1      -1       0       -1  1.017389       NaN  1000.554576   975.889847  0.000000     0.000000   975.889847         1.000000
2025-06-26  368.462269  355.452451  349.621584  1.016677e+08     -1       0       -1      0       1      -1       0       -2  1.018928       NaN  1019.492653   975.889847  0.000000     0.000000   975.889847         1.000000
2025-06-27  369.715729  355.881221  356.017861  1.051293e+08     -1       0        1      0       1      -1       0        0  1.018295       NaN  1038.144126   975.889847  0.000000     0.000000   975.889847         1.000000
2025-06-30  369.189140  355.052610  361.157258  1.037392e+08     -1       0        1      0       1      -1       0        0  1.014436       NaN  1053.130550   975.889847  0.000000     0.000000   975.889847         1.000000
2025-07-01  369.646664  357.214095  356.055458  1.001284e+08     -1       0        1      0      -1      -1      -1       -3  0.985874       NaN  1038.253760   975.889847  0.000000     0.000000   975.889847         1.000000
2025-07-02  370.973832  359.354523  357.297235  1.001424e+08     -1       0        1      0       1       1       0        2  1.003488       NaN  1041.874766     0.000000  2.731311   975.889847   975.889847         1.000000
2025-07-03  370.249289  358.589635  342.708945  9.470147e+07     -1       0        1      0      -1       1       0        0  0.959170       NaN   999.335474     0.000000  2.731311   936.044690   936.044690         0.959170
2025-07-04  372.717058  359.744834  342.314346  1.015719e+08      1       0       -1      0      -1       1       0        0  0.998849       NaN   998.184827     0.000000  2.731311   934.966917   934.966917         0.998849
2025-07-07  373.351132  358.242110  339.629600  1.167858e+08      1       0       -1      0      -1       1       0        0  0.992157       NaN   990.356139     0.000000  2.731311   927.634043   927.634043         0.992157
2025-07-08  372.817128  358.630198  331.968360  1.087322e+08      1       0       -1      0      -1       1       0        0  0.977442       NaN   968.016050     0.000000  2.731311   906.708815   906.708815         0.977442
2025-07-09  371.968777  358.872077  338.371658  1.123865e+08      1       0       -1      0       1       1       1        3  1.019289       NaN   986.687994     0.000000  2.731311   924.198211   924.198211         1.019289
2025-07-10  372.317190  359.893992  337.262391  1.013781e+08      1       0       -1      0      -1       1       0        0  0.996722       NaN   983.453385     0.000000  2.731311   921.168460   921.168460         0.996722
2025-07-11  370.937400  358.578498  343.127020  9.979796e+07      1       0       -1      0       1      -1       0        0  1.017389       NaN  1000.554576     0.000000  2.731311   937.186583   937.186583         1.017389
2025-07-14  370.007538  357.068362  349.621584  1.021189e+08     -1       0       -1      0       1      -1       0       -2  1.018928       NaN  1019.492653   954.925257  0.000000     0.000000   954.925257         1.018928
2025-07-15  371.255017  357.492852  356.017861  1.055108e+08     -1       0        1      0       1      -1       0        0  1.018295       NaN  1038.144126   954.925257  0.000000     0.000000   954.925257         1.000000
2025-07-16  370.722471  356.659971  361.157258  1.040617e+08     -1       0        1      0       1      -1       0        0  1.014436       NaN  1053.130550   954.925257  0.000000     0.000000   954.925257         1.000000
2025-07-17  371.174061  358.817198  356.055458  1.004012e+08     -1       0        1      0      -1      -1      -1       -3  0.985874       NaN  1038.253760   954.925257  0.000000     0.000000   954.925257         1.000000
2025-07-18  372.495317  360.953379  357.297235  1.003730e+08     -1       0        1      0       1       1       0        2  1.003488       NaN  1041.874766     0.000000  2.672635   954.925257   954.925257         1.000000
2025-07-21  371.764886  360.184256  342.708945  9.489644e+07     -1       0        1      0      -1       1       0        0  0.959170       NaN   999.335474     0.000000  2.672635   915.936075   915.936075         0.959170
2025-07-22  374.226789  361.335230  342.314346  1.017368e+08      1       0       -1      0      -1       1       0        0  0.998849       NaN   998.184827     0.000000  2.672635   914.881456   914.881456         0.998849
2025-07-23  374.855020  359.828293  339.629600  1.169252e+08      1       0       -1      0      -1       1       0        0  0.992157       NaN   990.356139     0.000000  2.672635   907.706110   907.706110         0.992157
2025-07-24  374.315195  360.212179  331.968360  1.088500e+08      1       0       -1      0      -1       1       0        0  0.977442       NaN   968.016050     0.000000  2.672635   887.230409   887.230409         0.977442
2025-07-25  373.461046  360.449867  338.371658  1.124862e+08      1       0       -1      0       1       1       1        3  1.019289       NaN   986.687994     0.000000  2.672635   904.344089   904.344089         1.019289
2025-07-28  373.803683  361.467603  337.262391  1.014624e+08      1       0       -1      0      -1       1       0        0  0.996722       NaN   983.453385     0.000000  2.672635   901.379424   901.379424         0.996722
2025-07-29  372.418140  360.147940  343.127020  9.986919e+07      1       0       -1      0       1      -1       0        0  1.017389       NaN  1000.554576     0.000000  2.672635   917.053438   917.053438         1.017389
2025-07-30  371.482548  358.633647  349.621584  1.021791e+08     -1       0       -1      0       1      -1       0       -2  1.018928       NaN  1019.492653   934.411040  0.000000     0.000000   934.411040         1.018928
2025-07-31  372.724318  359.053990  356.017861  1.055617e+08     -1       0        1      0       1      -1       0        0  1.018295       NaN  1038.144126   934.411040  0.000000     0.000000   934.411040         1.000000
2025-08-01  372.186085  358.216974  361.157258  1.041048e+08     -1       0        1      0       1      -1       0        0  1.014436       NaN  1053.130550   934.411040  0.000000     0.000000   934.411040         1.000000
2025-08-04  372.632011  360.370075  356.055458  1.004376e+08     -1       0        1      0      -1      -1      -1       -3  0.985874       NaN  1038.253760   934.411040  0.000000     0.000000   934.411040         1.000000
2025-08-05  373.947624  362.502143  357.297235  1.004038e+08     -1       0        1      0       1       1       0        2  1.003488       NaN  1041.874766     0.000000  2.615220   934.411040   934.411040         1.000000
2025-08-06  373.211572  361.728917  342.708945  9.492247e+07     -1       0        1      0      -1       1       0        0  0.959170       NaN   999.335474     0.000000  2.615220   896.259445   896.259445         0.959170
2025-08-07  375.667876  362.875799  342.314346  1.017588e+08      1       0        1      0      -1       1       0        2  0.998849       NaN   998.184827     0.000000  2.615220   895.227481   895.227481         0.998849
2025-08-08  376.290530  361.364781  339.629600  1.169438e+08      1       0       -1      0      -1       1       0        0  0.992157       NaN   990.356139     0.000000  2.615220   888.206280   888.206280         0.992157
2025-08-11  375.745149  361.744596  331.968360  1.088658e+08      1       0       -1      0      -1       1       0        0  0.977442       NaN   968.016050     0.000000  2.615220   868.170449   868.170449         0.977442
2025-08-12  374.885466  361.978225  338.371658  1.124995e+08      1       0       -1      0       1       1       1        3  1.019289       NaN   986.687994     0.000000  2.615220   884.916484   884.916484         1.019289
2025-08-13  375.222590  362.991912  337.262391  1.014736e+08      1       0       -1      0      -1       1       0        0  0.996722       NaN   983.453385     0.000000  2.615220   882.015508   882.015508         0.996722
2025-08-14  373.831555  361.668211  343.127020  9.987870e+07      1       0       -1      0       1      -1       0        0  1.017389       NaN  1000.554576     0.000000  2.615220   897.352803   897.352803         1.017389
2025-08-15  372.890493  360.149890  349.621584  1.021871e+08     -1       0       -1      0       1      -1       0       -2  1.018928       NaN  1019.492653   914.337521  0.000000     0.000000   914.337521         1.018928
2025-08-18  374.126814  360.566217  356.017861  1.055685e+08     -1       0        1      0       1      -1       0        0  1.018295       NaN  1038.144126   914.337521  0.000000     0.000000   914.337521         1.000000
2025-08-19  373.583153  359.725194  361.157258  1.041105e+08     -1       0        1      0       1      -1       0        0  1.014436       NaN  1053.130550   914.337521  0.000000     0.000000   914.337521         1.000000
2025-08-20  374.023671  361.874301  356.055458  1.004424e+08     -1       0        1      0      -1      -1      -1       -3  0.985874       NaN  1038.253760   914.337521  0.000000     0.000000   914.337521         1.000000
2025-08-21  375.333899  364.002384  357.297235  1.004079e+08     -1       0        1      0       1       1       0        2  1.003488       NaN  1041.874766     0.000000  2.559039   914.337521   914.337521         1.000000
2025-08-22  374.592481  363.225183  342.708945  9.492594e+07     -1       0        1      0      -1       1       0        0  0.959170       NaN   999.335474     0.000000  2.559039   877.005518   877.005518         0.959170
2025-08-25  377.043441  364.368101  342.314346  1.017617e+08      1       0        1      0      -1       1       0        2  0.998849       NaN   998.184827     0.000000  2.559039   875.995724   875.995724         0.998849
2025-08-26  377.660771  362.853130  339.629600  1.169462e+08      1       0       -1      0      -1       1       0        0  0.992157       NaN   990.356139     0.000000  2.559039   869.125356   869.125356         0.992157
2025-08-27  377.110086  363.229003  331.968360  1.088679e+08      1       0       -1      0      -1       1       0        0  0.977442       NaN   968.016050     0.000000  2.559039   849.519946   849.519946         0.977442
2025-08-28  376.245121  363.458699  338.371658  1.125012e+08      1       0       -1      0       1       1       1        3  1.019289       NaN   986.687994     0.000000  2.559039   865.906233   865.906233         1.019289
2025-08-29  376.576983  364.468464  337.262391  1.014751e+08      1       0       -1      0      -1       1       0        0  0.996722       NaN   983.453385     0.000000  2.559039   863.067577   863.067577         0.996722
2025-09-01  375.180706  363.140852  343.127020  9.987997e+07      1       0       -1      0       1      -1       0        0  1.017389       NaN  1000.554576     0.000000  2.559039   878.075389   878.075389         1.017389
2025-09-02  374.234422  361.618630  349.621584  1.021882e+08     -1       0       -1      0       1      -1       0       -2  1.018928       NaN  1019.492653   894.695231  0.000000     0.000000   894.695231         1.018928
2025-09-03  375.465542  362.031065  356.017861  1.055694e+08     -1       0        1      0       1      -1       0        0  1.018295       NaN  1038.144126   894.695231  0.000000     0.000000   894.695231         1.000000
2025-09-04  374.916700  361.186162  361.157258  1.041113e+08     -1       0        1      0       1      -1       0        0  1.014436       NaN  1053.130550   894.695231  0.000000     0.000000   894.695231         1.000000
2025-09-05  375.352057  363.331398  356.055458  1.004431e+08     -1       0        1      0      -1      -1      -1       -3  0.985874       NaN  1038.253760   894.695231  0.000000     0.000000   894.695231         1.000000
2025-09-08  376.657143  365.455621  357.297235  1.004084e+08     -1       0        1      0       1       1       0        2  1.003488       NaN  1041.874766     0.000000  2.504064   894.695231   894.695231         1.000000
2025-09-09  375.910604  364.674571  342.708945  9.492640e+07     -1       0        1      0      -1       1       0        0  0.959170       NaN   999.335474     0.000000  2.504064   858.165215   858.165215         0.959170
2025-09-10  378.356462  365.813650  342.314346  1.017621e+08      1       0        1      0      -1       1       0        2  0.998849       NaN   998.184827     0.000000  2.504064   857.177114   857.177114         0.998849
2025-09-11  378.968711  364.294849  339.629600  1.169466e+08      1       0       -1      0      -1       1       0        0  0.992157       NaN   990.356139     0.000000  2.504064   850.454338   850.454338         0.992157
2025-09-12  378.412964  364.666903  331.968360  1.088682e+08      1       0       -1      0      -1       1       0        0  0.977442       NaN   968.016050     0.000000  2.504064   831.270102   831.270102         0.977442
2025-09-15  377.542956  364.892790  338.371658  1.125015e+08      1       0       -1      0       1       1       1        3  1.019289       NaN   986.687994     0.000000  2.504064   847.304370   847.304370         1.019289
2025-09-16  377.869795  365.898755  337.262391  1.014753e+08      1       0       -1      0      -1       1       0        0  0.996722       NaN   983.453385     0.000000  2.504064   844.526696   844.526696         0.996722
2025-09-17  376.468515  364.567354  343.127020  9.988014e+07      1       0       -1      0       1      -1       0        0  1.017389       NaN  1000.554576     0.000000  2.504064   859.212102   859.212102         1.017389
2025-09-18  375.517247  363.041353  349.621584  1.021884e+08     -1       0       -1      0       1      -1       0       -2  1.018928       NaN  1019.492653   875.474908  0.000000     0.000000   875.474908         1.018928
2025-09-19  376.743402  363.450020  356.017861  1.055695e+08     -1       0        1      0       1      -1       0        0  1.018295       NaN  1038.144126   875.474908  0.000000     0.000000   875.474908         1.000000
2025-09-22  376.189614  362.601358  361.157258  1.041114e+08     -1       0        1      0       1      -1       0        0  1.014436       NaN  1053.130550   875.474908  0.000000     0.000000   875.474908         1.000000
2025-09-23  376.620044  364.742845  356.055458  1.004432e+08     -1       0        1      0      -1      -1      -1       -3  0.985874       NaN  1038.253760   875.474908  0.000000     0.000000   875.474908         1.000000
2025-09-24  377.920224  366.863329  357.297235  1.004085e+08     -1       0        1      0       1       1       0        2  1.003488       NaN  1041.874766     0.000000  2.450271   875.474908   875.474908         1.000000
2025-09-25  377.168796  366.078549  342.708945  9.492647e+07     -1       0        1      0      -1       1       0        0  0.959170       NaN   999.335474     0.000000  2.450271   839.729649   839.729649         0.959170
2025-09-26  379.609784  367.213909  342.314346  1.017621e+08      1       0        1      0      -1       1       0        2  0.998849       NaN   998.184827     0.000000  2.450271   838.762775   838.762775         0.998849
2025-09-29  380.217182  365.691398  339.629600  1.169466e+08      1       0       -1      0      -1       1       0        0  0.992157       NaN   990.356139     0.000000  2.450271   832.184422   832.184422         0.992157
2025-09-30  379.656604  366.059753  331.968360  1.088682e+08      1       0       -1      0      -1       1       0        0  0.977442       NaN   968.016050     0.000000  2.450271   813.412312   813.412312         0.977442
2025-10-01  378.781783  366.281950  338.371658  1.125015e+08      1       0       -1      0       1       1       1        3  1.019289       NaN   986.687994     0.000000  2.450271   829.102123   829.102123         1.019289
2025-10-02  379.103827  367.284235  337.262391  1.014753e+08      1       0       -1      0      -1       1       0        0  0.996722       NaN   983.453385     0.000000  2.450271   826.384120   826.384120         0.996722
2025-10-03  377.697771  365.949164  343.127020  9.988016e+07      1       0       -1      0       1      -1       0        0  1.017389       NaN  1000.554576     0.000000  2.450271   840.754046   840.754046         1.017389
2025-10-06  376.741745  364.419503  349.621584  1.021884e+08     -1       0       -1      0       1      -1       0       -2  1.018928       NaN  1019.492653   856.667486  0.000000     0.000000   856.667486         1.018928
2025-10-07  377.963161  364.824518  356.017861  1.055695e+08     -1       0        1      0       1      -1       0        0  1.018295       NaN  1038.144126   856.667486  0.000000     0.000000   856.667486         1.000000
2025-10-08  377.404652  363.972215  361.157258  1.041114e+08     -1       0        1      0       1      -1       0        0  1.014436       NaN  1053.130550   856.667486  0.000000     0.000000   856.667486         1.000000
2025-10-09  377.830380  366.110071  356.055458  1.004432e+08     -1       0        1      0      -1      -1      -1       -3  0.985874       NaN  1038.253760   856.667486  0.000000     0.000000   856.667486         1.000000
2025-10-10  379.125875  368.226933  357.297235  1.004085e+08     -1       0        1      0       1       1       0        2  1.003488       NaN  1041.874766     0.000000  2.397633   856.667486   856.667486         1.000000
2025-10-13  378.369781  367.438541  342.708945  9.492647e+07     -1       0        1      0      -1       1       0        0  0.959170       NaN   999.335474     0.000000  2.397633   821.690126   821.690126         0.959170
2025-10-14  380.806121  368.570297  342.314346  1.017622e+08      1       0        1      0      -1       1       0        2  0.998849       NaN   998.184827     0.000000  2.397633   820.744023   820.744023         0.998849
2025-10-15  381.408889  367.044194  339.629600  1.169466e+08      1       0       -1      0      -1       1       0        0  0.992157       NaN   990.356139     0.000000  2.397633   814.306989   814.306989         0.992157
2025-10-16  380.843698  367.408964  331.968360  1.088682e+08      1       0       -1      0      -1       1       0        0  0.977442       NaN   968.016050     0.000000  2.397633   795.938152   795.938152         0.977442
2025-10-17  379.964283  367.627587  338.371658  1.125015e+08      1       0       -1      0       1       1       1        3  1.019289       NaN   986.687994     0.000000  2.397633   811.290906   811.290906         1.019289
2025-10-20  380.281751  368.626308  337.262391  1.014753e+08      1       0       -1      0      -1       1       0        0  0.996722       NaN   983.453385     0.000000  2.397633   808.631293   808.631293         0.996722
2025-10-21  378.871136  367.287682  343.127020  9.988017e+07      1       0       -1      0       1      -1       0        0  1.017389       NaN  1000.554576     0.000000  2.397633   822.692517   822.692517         1.017389
2025-10-22  377.910568  365.754474  349.621584  1.021884e+08     -1       0       -1      0       1      -1       0       -2  1.018928       NaN  1019.492653   838.264095  0.000000     0.000000   838.264095         1.018928
2025-10-23  379.127461  366.155953  356.017861  1.055695e+08     -1       0        1      0       1      -1       0        0  1.018295       NaN  1038.144126   838.264095  0.000000     0.000000   838.264095         1.000000
2025-10-24  378.564446  365.300123  361.157258  1.041114e+08     -1       0        1      0       1      -1       0        0  1.014436       NaN  1053.130550   838.264095  0.000000     0.000000   838.264095         1.000000
2025-10-27  378.985685  367.434461  356.055458  1.004432e+08     -1       0        1      0      -1      -1      -1       -3  0.985874       NaN  1038.253760   838.264095  0.000000     0.000000   838.264095         1.000000
2025-10-28  380.276708  369.547814  357.297235  1.004085e+08     -1       0        1      0       1       1       0        2  1.003488       NaN  1041.874766     0.000000  2.346125   838.264095   838.264095         1.000000
2025-10-29  379.516161  368.755923  342.708945  9.492648e+07     -1       0        1      0      -1       1       0        0  0.959170       NaN   999.335474     0.000000  2.346125   804.038137   804.038137         0.959170
2025-10-30  381.948064  369.884190  342.314346  1.017622e+08      1       0        1      0      -1       1       0        2  0.998849       NaN   998.184827     0.000000  2.346125   803.112359   803.112359         0.998849
2025-10-31  382.546412  368.354606  339.629600  1.169466e+08      1       0       -1      0      -1       1       0        0  0.992157       NaN   990.356139     0.000000  2.346125   796.813609   796.813609         0.992157
2025-11-03  381.976819  368.715905  331.968360  1.088682e+08      1       0       -1      0      -1       1       0        0  0.977442       NaN   968.016050     0.000000  2.346125   778.839381   778.839381         0.977442
2025-11-04  381.093018  368.931066  338.371658  1.125015e+08      1       0       -1      0       1       1       1        3  1.019289       NaN   986.687994     0.000000  2.346125   793.862319   793.862319         1.019289
2025-11-05  381.406117  369.926333  337.262391  1.014753e+08      1       0       -1      0      -1       1       0        0  0.996722       NaN   983.453385     0.000000  2.346125   791.259841   791.259841         0.996722
2025-11-06  379.991150  368.584263  343.127020  9.988017e+07      1       0       -1      0       1      -1       0        0  1.017389       NaN  1000.554576     0.000000  2.346125   805.018994   805.018994         1.017389
2025-11-07  379.026249  367.047621  349.621584  1.021884e+08     -1       0       -1      0       1      -1       0       -2  1.018928       NaN  1019.492653   820.256056  0.000000     0.000000   820.256056         1.018928
2025-11-10  380.238823  367.445674  356.017861  1.055695e+08     -1       0        1      0       1      -1       0        0  1.018295       NaN  1038.144126   820.256056  0.000000     0.000000   820.256056         1.000000
2025-11-11  379.671507  366.586427  361.157258  1.041114e+08     -1       0        1      0       1      -1       0        0  1.014436       NaN  1053.130550   820.256056  0.000000     0.000000   820.256056         1.000000
2025-11-12  380.088461  368.717357  356.055458  1.004432e+08     -1       0        1      0      -1      -1      -1       -3  0.985874       NaN  1038.253760   820.256056  0.000000     0.000000   820.256056         1.000000
2025-11-13  381.375217  370.827312  357.297235  1.004085e+08     -1       0        1      0       1       1       0        2  1.003488       NaN  1041.874766     0.000000  2.295725   820.256056   820.256056         1.000000
2025-11-14  380.610417  370.032032  342.708945  9.492648e+07     -1       0        1      0      -1       1       0        0  0.959170       NaN   999.335474     0.000000  2.295725   786.765359   786.765359         0.959170
2025-11-17  383.038086  371.156918  342.314346  1.017622e+08      1       0        1      0      -1       1       0        2  0.998849       NaN   998.184827     0.000000  2.295725   785.859468   785.859468         0.998849
2025-11-18  383.632215  369.623962  339.629600  1.169466e+08      1       0       -1      0      -1       1       0        0  0.992157       NaN   990.356139     0.000000  2.295725   779.696032   779.696032         0.992157
2025-11-19  383.058419  369.981899  331.968360  1.088682e+08      1       0       -1      0      -1       1       0        0  0.977442       NaN   968.016050     0.000000  2.295725   762.107935   762.107935         0.977442
2025-11-20  382.170432  370.193706  338.371658  1.125015e+08      1       0       -1      0       1       1       1        3  1.019289       NaN   986.687994     0.000000  2.295725   776.808143   776.808143         1.019289
2025-11-21  382.479362  371.185628  337.262391  1.014753e+08      1       0       -1      0      -1       1       0        0  0.996722       NaN   983.453385     0.000000  2.295725   774.261572   774.261572         0.996722
2025-11-24  381.060241  369.840222  343.127020  9.988017e+07      1       0       -1      0       1      -1       0        0  1.017389       NaN  1000.554576     0.000000  2.295725   787.725144   787.725144         1.017389
2025-11-25  380.091202  368.300253  349.621584  1.021884e+08     -1       0       -1      0       1      -1       0       -2  1.018928       NaN  1019.492653   802.634875  0.000000     0.000000   802.634875         1.018928
2025-11-26  381.299654  368.694988  356.017861  1.055695e+08     -1       0        1      0       1      -1       0        0  1.018295       NaN  1038.144126   802.634875  0.000000     0.000000   802.634875         1.000000
2025-11-27  380.728232  367.832431  361.157258  1.041114e+08     -1       0        1      0       1      -1       0        0  1.014436       NaN  1053.130550   802.634875  0.000000     0.000000   802.634875         1.000000
2025-11-28  381.141097  369.960061  356.055458  1.004432e+08     -1       0        1      0      -1      -1      -1       -3  0.985874       NaN  1038.253760   802.634875  0.000000     0.000000   802.634875         1.000000
2025-12-01  382.423779  372.066724  357.297235  1.004085e+08     -1       0        1      0       1       1       0        2  1.003488       NaN  1041.874766     0.000000  2.246407   802.634875   802.634875         1.000000
2025-12-02  381.654921  371.268160  342.708945  9.492648e+07     -1       0        1      0      -1       1       0        0  0.959170       NaN   999.335474     0.000000  2.246407   769.863643   769.863643         0.959170
2025-12-03  384.078547  372.389771  342.314346  1.017622e+08      1       0        1      0      -1       1       0        2  0.998849       NaN   998.184827     0.000000  2.246407   768.977213   768.977213         0.998849
2025-12-04  384.668649  370.853549  339.629600  1.169466e+08      1       0       -1      0      -1       1       0        0  0.992157       NaN   990.356139     0.000000  2.246407   762.946183   762.946183         0.992157
2025-12-05  384.090843  371.208228  331.968360  1.088682e+08      1       0       -1      0      -1       1       0        0  0.977442       NaN   968.016050     0.000000  2.246407   745.735924   745.735924         0.977442
2025-12-08  383.198860  371.416787  338.371658  1.125015e+08      1       0       -1      0       1       1       1        3  1.019289       NaN   986.687994     0.000000  2.246407   760.120333   760.120333         1.019289
2025-12-09  383.503809  372.405470  337.262391  1.014753e+08      1       0       -1      0      -1       1       0        0  0.996722       NaN   983.453385     0.000000  2.246407   757.628470   757.628470         0.996722
2025-12-10  382.080724  371.056832  343.127020  9.988017e+07      1       0       -1      0       1      -1       0        0  1.017389       NaN  1000.554576     0.000000  2.246407   770.802810   770.802810         1.017389
2025-12-11  381.107734  369.513639  349.621584  1.021884e+08     -1       0       -1      0       1      -1       0       -2  1.018928       NaN  1019.492653   785.392242  0.000000     0.000000   785.392242         1.018928
2025-12-12  382.312253  369.905160  356.017861  1.055695e+08     -1       0        1      0       1      -1       0        0  1.018295       NaN  1038.144126   785.392242  0.000000     0.000000   785.392242         1.000000
2025-12-15  381.736912  369.039398  361.157258  1.041114e+08     -1       0        1      0       1      -1       0        0  1.014436       NaN  1053.130550   785.392242  0.000000     0.000000   785.392242         1.000000
2025-12-16  382.145873  371.163830  356.055458  1.004432e+08     -1       0        1      0      -1      -1      -1       -3  0.985874       NaN  1038.253760   785.392242  0.000000     0.000000   785.392242         1.000000
2025-12-17  383.424665  373.267304  357.297235  1.004085e+08     -1       0        1      0       1       1       0        2  1.003488       NaN  1041.874766     0.000000  2.198148   785.392242   785.392242         1.000000
2025-12-18  382.651934  372.465559  342.708945  9.492648e+07     -1       0        1      0      -1       1       0        0  0.959170       NaN   999.335474     0.000000  2.198148   753.325019   753.325019         0.959170
2025-12-19  385.071701  373.583999  342.314346  1.017622e+08      1       0        1      0      -1       1       0        2  0.998849       NaN   998.184827     0.000000  2.198148   752.457632   752.457632         0.998849
2025-12-22  385.657960  372.044613  339.629600  1.169466e+08      1       0       -1      0      -1       1       0        0  0.992157       NaN   990.356139     0.000000  2.198148   746.556163   746.556163         0.992157
2025-12-23  385.076324  372.396137  331.968360  1.088682e+08      1       0       -1      0      -1       1       0        0  0.977442       NaN   968.016050     0.000000  2.198148   729.715624   729.715624         0.977442
2025-12-24  384.180527  372.601549  338.371658  1.125015e+08      1       0       -1      0       1       1       1        3  1.019289       NaN   986.687994     0.000000  2.198148   743.791020   743.791020         1.019289
2025-12-25  384.481677  373.587093  337.262391  1.014753e+08      1       0       -1      0      -1       1       0        0  0.996722       NaN   983.453385     0.000000  2.198148   741.352688   741.352688         0.996722
2025-12-26  383.054807  372.235325  343.127020  9.988017e+07      1       0       -1      0       1      -1       0        0  1.017389       NaN  1000.554576     0.000000  2.198148   754.244010   754.244010         1.017389
2025-12-29  382.078048  370.689010  349.621584  1.021884e+08     -1       0       -1      0       1      -1       0       -2  1.018928       NaN  1019.492653   768.520024  0.000000     0.000000   768.520024         1.018928
2025-12-30  383.278811  371.077417  356.017861  1.055695e+08     -1       0        1      0       1      -1       0        0  1.018295       NaN  1038.144126   768.520024  0.000000     0.000000   768.520024         1.000000
2025-12-31  382.699729  370.208550  361.157258  1.041114e+08     -1       0        1      0       1      -1       0        0  1.014436       NaN  1053.130550   768.520024  0.000000     0.000000   768.520024         1.000000
2026-01-01  383.104964  372.329884  356.055458  1.004432e+08     -1       0        1      0      -1      -1      -1       -3  0.985874       NaN  1038.253760   768.520024  0.000000     0.000000   768.520024         1.000000
2026-01-02  384.380044  374.430269  357.297235  1.004085e+08     -1       0        1      0       1       1       0        2  1.003488       NaN  1041.874766     0.000000  2.150926   768.520024   768.520024         1.000000
2026-01-05  383.603616  373.625444  342.708945  9.492648e+07     -1       0        1      0      -1       1       0        0  0.959170       NaN   999.335474     0.000000  2.150926   737.141686   737.141686         0.959170
2026-01-06  386.019699  374.740811  342.314346  1.017622e+08      1       0        1      0      -1       1       0        2  0.998849       NaN   998.184827     0.000000  2.150926   736.292933   736.292933         0.998849
2026-01-07  386.602289  373.198361  339.629600  1.169466e+08      1       0       -1      0      -1       1       0        0  0.992157       NaN   990.356139     0.000000  2.150926   730.518243   730.518243         0.992157
2026-01-08  386.016999  373.546829  331.968360  1.088682e+08      1       0       -1      0      -1       1       0        0  0.977442       NaN   968.016050     0.000000  2.150926   714.039481   714.039481         0.977442
2026-01-09  385.117561  373.749192  338.371658  1.125015e+08      1       0       -1      0       1       1       1        3  1.019289       NaN   986.687994     0.000000  2.150926   727.812502   727.812502         1.019289
2026-01-12  385.415084  374.731696  337.262391  1.014753e+08      1       0       -1      0      -1       1       0        0  0.996722       NaN   983.453385     0.000000  2.150926   725.426552   725.426552         0.996722
2026-01-13  383.984602  373.376895  343.127020  9.988017e+07      1       0       -1      0       1      -1       0        0  1.017389       NaN  1000.554576     0.000000  2.150926   738.040935   738.040935         1.017389
2026-01-14  383.004244  371.827557  349.621584  1.021884e+08     -1       0       -1      0       1      -1       0       -2  1.018928       NaN  1019.492653   752.010264  0.000000     0.000000   752.010264         1.018928
2026-01-15  384.201423  372.212948  356.017861  1.055695e+08     -1       0        1      0       1      -1       0        0  1.018295       NaN  1038.144126   752.010264  0.000000     0.000000   752.010264         1.000000
2026-01-16  383.618770  371.341072  361.157258  1.041114e+08     -1       0        1      0       1      -1       0        0  1.014436       NaN  1053.130550   752.010264  0.000000     0.000000   752.010264         1.000000
2026-01-19  384.020448  373.459406  356.055458  1.004432e+08     -1       0        1      0      -1      -1      -1       -3  0.985874       NaN  1038.253760   752.010264  0.000000     0.000000   752.010264         1.000000
2026-01-20  385.291985  375.556799  357.297235  1.004085e+08     -1       0        1      0       1       1       0        2  1.003488       NaN  1041.874766     0.000000  2.104719   752.010264   752.010264         1.000000
2026-01-21  384.512027  374.748990  342.708945  9.492648e+07     -1       0        1      0      -1       1       0        0  0.959170       NaN   999.335474     0.000000  2.104719   721.306013   721.306013         0.959170
2026-01-22  386.924595  375.861380  342.314346  1.017622e+08      1       0        1      0      -1       1       0        2  0.998849       NaN   998.184827     0.000000  2.104719   720.475493   720.475493         0.998849
2026-01-23  387.503682  374.315962  339.629600  1.169466e+08      1       0       -1      0      -1       1       0        0  0.992157       NaN   990.356139     0.000000  2.104719   714.824858   714.824858         0.992157
2026-01-26  386.914903  374.661468  331.968360  1.088682e+08      1       0       -1      0      -1       1       0        0  0.977442       NaN   968.016050     0.000000  2.104719   698.700102   698.700102         0.977442
2026-01-27  386.011990  374.860879  338.371658  1.125015e+08      1       0       -1      0       1       1       1        3  1.019289       NaN   986.687994     0.000000  2.104719   712.177243   712.177243         1.019289
2026-01-28  386.306052  375.840438  337.262391  1.014753e+08      1       0       -1      0      -1       1       0        0  0.996722       NaN   983.453385     0.000000  2.104719   709.842549   709.842549         0.996722
2026-01-29  384.872121  374.482700  343.127020  9.988017e+07      1       0       -1      0       1      -1       0        0  1.017389       NaN  1000.554576     0.000000  2.104719   722.185944   722.185944         1.017389
2026-01-30  383.888329  372.930432  349.621584  1.021884e+08     -1       0       -1      0       1      -1       0       -2  1.018928       NaN  1019.492653   735.855176  0.000000     0.000000   735.855176         1.018928
2026-02-02  385.082085  373.312902  356.017861  1.055695e+08     -1       0        1      0       1      -1       0        0  1.018295       NaN  1038.144126   735.855176  0.000000     0.000000   735.855176         1.000000
2026-02-03  384.496024  372.438112  361.157258  1.041114e+08     -1       0        1      0       1      -1       0        0  1.014436       NaN  1053.130550   735.855176  0.000000     0.000000   735.855176         1.000000
2026-02-04  384.894307  374.553540  356.055458  1.004432e+08     -1       0        1      0      -1      -1      -1       -3  0.985874       NaN  1038.253760   735.855176  0.000000     0.000000   735.855176         1.000000
2026-02-05  386.162462  376.648035  357.297235  1.004085e+08     -1       0        1      0       1       1       0        2  1.003488       NaN  1041.874766     0.000000  2.059504   735.855176   735.855176         1.000000
2026-02-06  385.379135  375.837334  342.708945  9.492648e+07     -1       0        1      0      -1       1       0        0  0.959170       NaN   999.335474     0.000000  2.059504   705.810530   705.810530         0.959170
2026-02-09  387.788347  376.946842  342.314346  1.017622e+08      1       0        1      0      -1       1       0        2  0.998849       NaN   998.184827     0.000000  2.059504   704.997852   704.997852         0.998849
2026-02-10  388.364091  375.398548  339.629600  1.169466e+08      1       0       -1      0      -1       1       0        0  0.992157       NaN   990.356139     0.000000  2.059504   699.468607   699.468607         0.992157
2026-02-11  387.771982  375.741186  331.968360  1.088682e+08      1       0       -1      0      -1       1       0        0  0.977442       NaN   968.016050     0.000000  2.059504   683.690251   683.690251         0.977442
2026-02-12  386.865752  375.937737  338.371658  1.125015e+08      1       0       -1      0       1       1       1        3  1.019289       NaN   986.687994     0.000000  2.059504   696.877869   696.877869         1.019289
2026-02-13  387.156510  376.914443  337.262391  1.014753e+08      1       0       -1      0      -1       1       0        0  0.996722       NaN   983.453385     0.000000  2.059504   694.593330   694.593330         0.996722
2026-02-16  385.719288  375.553860  343.127020  9.988017e+07      1       0       -1      0       1      -1       0        0  1.017389       NaN  1000.554576     0.000000  2.059504   706.671557   706.671557         1.017389
2026-02-17  384.732216  373.998755  349.621584  1.021884e+08     -1       0       -1      0       1      -1       0       -2  1.018928       NaN  1019.492653   720.047140  0.000000     0.000000   720.047140         1.018928
2026-02-18  385.922707  374.378394  356.017861  1.055695e+08     -1       0        1      0       1      -1       0        0  1.018295       NaN  1038.144126   720.047140  0.000000     0.000000   720.047140         1.000000
2026-02-19  385.333392  373.500781  361.157258  1.041114e+08     -1       0        1      0       1      -1       0        0  1.014436       NaN  1053.130550   720.047140  0.000000     0.000000   720.047140         1.000000
2026-02-20  385.728434  375.613395  356.055458  1.004432e+08     -1       0        1      0      -1      -1      -1       -3  0.985874       NaN  1038.253760   720.047140  0.000000     0.000000   720.047140         1.000000
2026-02-23  386.993361  377.705081  357.297235  1.004085e+08     -1       0        1      0       1       1       0        2  1.003488       NaN  1041.874766     0.000000  2.015261   720.047140   720.047140         1.000000
2026-02-24  386.206818  376.891581  342.708945  9.492648e+07     -1       0        1      0      -1       1       0        0  0.959170       NaN   999.335474     0.000000  2.015261   690.647929   690.647929         0.959170
2026-02-25  388.612827  377.998295  342.314346  1.017622e+08      1       0        1      0      -1       1       0        2  0.998849       NaN   998.184827     0.000000  2.015261   689.852709   689.852709         0.998849
2026-02-26  389.185380  376.447216  339.629600  1.169466e+08      1       0       -1      0      -1       1       0        0  0.992157       NaN   990.356139     0.000000  2.015261   684.442247   684.442247         0.992157
2026-02-27  388.590092  376.787077  331.968360  1.088682e+08      1       0       -1      0      -1       1       0        0  0.977442       NaN   968.016050     0.000000  2.015261   669.002850   669.002850         0.977442
2026-03-02  387.680696  376.980856  338.371658  1.125015e+08      1       0       -1      0       1       1       1        3  1.019289       NaN   986.687994     0.000000  2.015261   681.907165   681.907165         1.019289
2026-03-03  387.968300  377.954799  337.262391  1.014753e+08      1       0       -1      0      -1       1       0        0  0.996722       NaN   983.453385     0.000000  2.015261   679.671704   679.671704         0.996722
2026-03-04  386.527935  376.591460  343.127020  9.988017e+07      1       0       -1      0       1      -1       0        0  1.017389       NaN  1000.554576     0.000000  2.015261   691.490460   691.490460         1.017389
2026-03-05  385.537734  375.033606  349.621584  1.021884e+08     -1       0       -1      0       1      -1       0       -2  1.018928       NaN  1019.492653   704.578701  0.000000     0.000000   704.578701         1.018928