                  High         Low       Close        Volume  SigMA  SigRSI  SigMACD  SigBB  SigOBV  SigATR  SigSto  Signals     %Diff  %TotDiff    Portfolio         Cash    Shares   StockValue     AlgoPort  StrategyReturns
Date                                                                                                                                                                                                                           
2025-06-02  365.646938  345.160212  342.895255  1.257162e+08      0       1        0     -1       0       0       0        0  1.000000       NaN  1000.000000  1000.000000  0.000000     0.000000  1000.000000         1.000000
2025-06-03  365.996792  343.193857  338.204097  1.361885e+08      0       1       -1     -1      -1      -1       0       -3  0.986319       NaN   986.318978  1000.000000  0.000000     0.000000  1000.000000         1.000000
2025-06-04  365.698671  343.299721  337.171548  1.252654e+08      0       1       -1     -1      -1      -1       0       -3  0.996947       NaN   983.307710  1000.000000  0.000000     0.000000  1000.000000         1.000000
2025-06-05  365.323732  343.083757  343.542456  1.258485e+08      0       1       -1     -1       1      -1       0       -1  1.018895       NaN  1001.887461  1000.000000  0.000000     0.000000  1000.000000         1.000000
2025-06-06  366.055959  344.504367  341.239607  1.130350e+08      0       1       -1     -1      -1      -1       0       -3  0.993297       NaN   995.171563  1000.000000  0.000000     0.000000  1000.000000         1.000000
2025-06-09  364.975339  343.470946  346.981016  1.091667e+08      0       1        1     -1       1      -1       0        1  1.016825       NaN  1011.915479     0.000000  2.882002  1000.000000  1000.000000         1.000000
2025-06-10  364.231080  342.488544  352.078092  1.095541e+08      0       0        1     -1       1      -1       0        0  1.014690       NaN  1026.780298     0.000000  2.882002  1014.689783  1014.689783         1.014690
2025-06-11  365.721125  343.668070  357.380361  1.112996e+08      0      -1        1     -1       1      -1       0       -1  1.015060       NaN  1042.243530  1029.970933  0.000000     0.000000  1029.970933         1.015060
2025-06-12  365.605931  342.927357  364.052800  1.090593e+08      0      -1        1     -1       1      -1       0       -1  1.018670       NaN  1061.702647  1029.970933  0.000000     0.000000  1029.970933         1.000000
2025-06-13  366.596172  345.678549  357.066571  1.044500e+08      0      -1        1     -1      -1      -1       0       -3  0.980810       NaN  1041.328412  1029.970933  0.000000     0.000000  1029.970933         1.000000
2025-06-16  368.408688  347.869406  358.890308  1.044011e+08      0      -1        1     -1       1      -1       0       -1  1.005108       NaN  1046.647053  1029.970933  0.000000     0.000000  1029.970933         1.000000
2025-06-17  367.899660  346.522678  346.234252  1.021283e+08      0       0        1     -1      -1      -1       0       -2  0.964736       NaN  1009.737660  1029.970933  0.000000     0.000000  1029.970933         1.000000
2025-06-18  370.599446  348.131614  342.610794  1.080373e+08      0       0        1     -1      -1      -1       0       -2  0.989535       NaN   999.170415  1029.970933  0.000000     0.000000  1029.970933         1.000000
2025-06-19  371.302114  347.131891  337.497907  1.214967e+08      0       0       -1     -1      -1      -1       0       -4  0.985077       NaN   984.259486  1029.970933  0.000000     0.000000  1029.970933         1.000000
2025-06-20  371.173850  347.775146  337.171548  1.128555e+08      0       1       -1      0      -1      -1       0       -2  0.999033       NaN   983.307710  1029.970933  0.000000     0.000000  1029.970933         1.000000
2025-06-23  370.880685  347.857939  343.542456  1.155577e+08      1       1       -1      0       1      -1       0        1  1.018895       NaN  1001.887461     0.000000  2.998089  1029.970933  1029.970933         1.000000
2025-06-24  371.652282  349.444641  341.239607  1.043212e+08      1       1       -1      0      -1      -1       0       -1  0.993297       NaN   995.171563  1023.066786  0.000000     0.000000  1023.066786         0.993297
2025-06-25  370.590615  348.503557  346.981016  1.019609e+08      1       0       -1      0       1      -1       0        0  1.016825       NaN  1011.915479  1023.066786  0.000000     0.000000  1023.066786         1.000000
2025-06-26  369.855482  347.572489  352.078092  1.034334e+08      1       0       -1      0       1      -1       0        0  1.014690       NaN  1026.780298  1023.066786  0.000000     0.000000  1023.066786         1.000000
2025-06-27  371.349919  348.780553  357.380361  1.062561e+08      1      -1        1      0       1      -1       0        1  1.015060       NaN  1042.243530     0.000000  2.862683  1023.066786  1023.066786         1.000000
2025-06-30  371.236841  348.055705  364.052800  1.047580e+08      1      -1        1      0       1      -1       0        1  1.018670       NaN  1061.702647     0.000000  2.862683  1042.167865  1042.167865         1.018670
2025-07-01  372.228100  350.815718  357.066571  1.009219e+08      1      -1        1      0      -1      -1      -1       -2  0.980810       NaN  1041.328412  1022.168505  0.000000     0.000000  1022.168505         0.980810
2025-07-02  374.041105  353.011479  358.890308  1.013766e+08      1      -1        1      0       1      -1       0        1  1.005108       NaN  1046.647053     0.000000  2.848136  1022.168505  1022.168505         1.000000
2025-07-03  373.532313  351.667477  346.234252  9.966203e+07     -1       0        1      0      -1      -1       0       -2  0.964736       NaN  1009.737660   986.122334  0.000000     0.000000   986.122334         0.964736
2025-07-04  376.232213  353.277928  342.610794  1.059089e+08     -1       0       -1      0      -1       1       0       -2  0.989535       NaN   999.170415   986.122334  0.000000     0.000000   986.122334         1.000000
2025-07-07  376.934936  352.279049  337.497907  1.197742e+08     -1       0       -1      0      -1       1       0       -2  0.985077       NaN   984.259486   986.122334  0.000000     0.000000   986.122334         1.000000
2025-07-08  376.806699  352.922772  337.171548  1.113563e+08     -1       1       -1      0      -1       1       0       -1  0.999033       NaN   983.307710   986.122334  0.000000     0.000000   986.122334         1.000000
2025-07-09  376.513546  353.005825  343.542456  1.143561e+08     -1       1       -1      0       1       1       1        2  1.018895       NaN  1001.887461     0.000000  2.870453   986.122334   986.122334         1.000000
2025-07-10  377.285149  354.592671  341.239607  1.032639e+08     -1       1       -1      0      -1       1       0       -1  0.993297       NaN   995.171563   979.512114  0.000000     0.000000   979.512114         0.993297
2025-07-11  376.223486  353.651668  346.981016  1.011239e+08      1       0       -1      0       1       1       0        2  1.016825       NaN  1011.915479     0.000000  2.822956   979.512114   979.512114         1.000000
2025-07-14  375.488353  352.720645  352.078092  1.026866e+08      1       0       -1      0       1       1       0        2  1.014690       NaN  1026.780298     0.000000  2.822956   993.900934   993.900934         1.014690
2025-07-15  376.982791  353.928734  357.380361  1.056743e+08      1      -1        1      0       1       1       0        3  1.015060       NaN  1042.243530     0.000000  2.822956  1008.869006  1008.869006         1.015060
2025-07-16  376.869713  353.203900  364.052800  1.042295e+08      1      -1        1      0       1       1       0        3  1.018670       NaN  1061.702647     0.000000  2.822956  1027.705007  1027.705007         1.018670
2025-07-17  377.860973  355.963921  357.066571  1.005185e+08      1      -1        1      0      -1      -1      -1       -2  0.980810       NaN  1041.328412  1007.983192  0.000000     0.000000  1007.983192         0.980810
2025-07-18  379.673978  358.159685  358.890308  1.010016e+08      1      -1        1      0       1      -1       0        1  1.005108       NaN  1046.647053     0.000000  2.808611  1007.983192  1007.983192         1.000000
2025-07-21  379.165186  356.815686  346.234252  9.938327e+07     -1       0        1      0      -1      -1       0       -2  0.964736       NaN  1009.737660   972.437257  0.000000     0.000000   972.437257         0.964736
2025-07-22  381.865086  358.426138  342.610794  1.056420e+08     -1       0       -1      0      -1       1       0       -2  0.989535       NaN   999.170415   972.437257  0.000000     0.000000   972.437257         1.000000
2025-07-23  382.567809  357.427260  337.497907  1.195824e+08     -1       0       -1      0      -1       1       0       -2  0.985077       NaN   984.259486   972.437257  0.000000     0.000000   972.437257         1.000000
2025-07-24  382.439571  358.070983  337.171548  1.111656e+08     -1       1       -1      0      -1       1       0       -1  0.999033       NaN   983.307710   972.437257  0.000000     0.000000   972.437257         1.000000
2025-07-25  382.146419  358.154037  343.542456  1.142250e+08     -1       1       -1      0       1       1       1        2  1.018895       NaN  1001.887461     0.000000  2.830617   972.437257   972.437257         1.000000
2025-07-28  382.918022  359.740883  341.239607  1.031270e+08     -1       1       -1      0      -1       1       0       -1  0.993297       NaN   995.171563   965.918772  0.000000     0.000000   965.918772         0.993297
2025-07-29  381.856358  358.799880  346.981016  1.010350e+08      1       0       -1      0       1       1       0        2  1.016825       NaN  1011.915479     0.000000  2.783780   965.918772   965.918772         1.000000
2025-07-30  381.121226  357.868857  352.078092  1.025877e+08      1       0       -1      0       1       1       0        2  1.014690       NaN  1026.780298     0.000000  2.783780   980.107909   980.107909         1.014690
2025-07-31  382.615664  359.076946  357.380361  1.056146e+08      1      -1        1      0       1       1       0        3  1.015060       NaN  1042.243530     0.000000  2.783780   994.868259   994.868259         1.015060
2025-08-01  382.502586  358.352112  364.052800  1.041576e+08      1      -1        1      0       1       1       0        3  1.018670       NaN  1061.702647     0.000000  2.783780  1013.442860  1013.442860         1.018670
2025-08-04  383.493846  361.112133  357.066571  1.004791e+08      1      -1        1      0      -1      -1      -1       -2  0.980810       NaN  1041.328412   993.994738  0.000000     0.000000   993.994738         0.980810
2025-08-05  385.306851  363.307897  358.890308  1.009489e+08      1      -1        1      0       1      -1       0        1  1.005108       NaN  1046.647053     0.000000  2.769634   993.994738   993.994738         1.000000
2025-08-06  384.798059  361.963898  346.234252  9.935784e+07     -1       0        1      0      -1      -1       0       -2  0.964736       NaN  1009.737660   958.942098  0.000000     0.000000   958.942098         0.964736
2025-08-07  387.497959  363.574350  342.610794  1.056030e+08     -1       0       -1      0      -1       1       0       -2  0.989535       NaN   999.170415   958.942098  0.000000     0.000000   958.942098         1.000000
2025-08-08  388.200682  362.575472  337.497907  1.195665e+08     -1       0       -1      0      -1       1       0       -2  0.985077       NaN   984.259486   958.942098  0.000000     0.000000   958.942098         1.000000
2025-08-11  388.072444  363.219195  337.171548  1.111364e+08     -1       1       -1      0      -1       1       0       -1  0.999033       NaN   983.307710   958.942098  0.000000     0.000000   958.942098         1.000000
2025-08-12  387.779292  363.302248  343.542456  1.142156e+08     -1       1       -1      0       1       1       1        2  1.018895       NaN  1001.887461     0.000000  2.791335   958.942098   958.942098         1.000000
2025-08-13  388.550895  364.889095  341.239607  1.031048e+08     -1       1       -1      0      -1       1       0       -1  0.993297       NaN   995.171563   952.514074  0.000000     0.000000   952.514074         0.993297
2025-08-14  387.489231  363.948092  346.981016  1.010301e+08      1       0       -1      0       1       1       0        2  1.016825       NaN  1011.915479     0.000000  2.745148   952.514074   952.514074         1.000000
2025-08-15  386.754099  363.017069  352.078092  1.025706e+08      1       0       -1      0       1       1       0        2  1.014690       NaN  1026.780298     0.000000  2.745148   966.506299   966.506299         1.014690
2025-08-18  388.248537  364.225158  357.380361  1.056126e+08      1      -1        1      0       1       1       0        3  1.015060       NaN  1042.243530     0.000000  2.745148   981.061810   981.061810         1.015060
2025-08-19  388.135459  363.500324  364.052800  1.041442e+08      1      -1        1      0       1       1       0        3  1.018670       NaN  1061.702647     0.000000  2.745148   999.378639   999.378639         1.018670
2025-08-20  389.126718  366.260345  357.066571  1.004790e+08      1      -1        1      0      -1      -1      -1       -2  0.980810       NaN  1041.328412   980.200411  0.000000     0.000000   980.200411         0.980810
2025-08-21  390.939724  368.456109  358.890308  1.009383e+08      1      -1        1      0       1      -1       0        1  1.005108       NaN  1046.647053     0.000000  2.731198   980.200411   980.200411         1.000000
2025-08-22  390.430932  367.112110  346.234252  9.935891e+07     -1       0        1      0      -1      -1       0       -2  0.964736       NaN  1009.737660   945.634220  0.000000     0.000000   945.634220         0.964736
2025-08-25  393.130832  368.722562  342.610794  1.055944e+08     -1       0       -1      0      -1       1       0       -2  0.989535       NaN   999.170415   945.634220  0.000000     0.000000   945.634220         1.000000
2025-08-26  393.833554  367.723684  337.497907  1.195683e+08     -1       0       -1      0      -1       1       0       -2  0.985077       NaN   984.259486   945.634220  0.000000     0.000000   945.634220         1.000000
2025-08-27  393.705317  368.367407  337.171548  1.111294e+08     -1       1       -1      0      -1       1       0       -1  0.999033       NaN   983.307710   945.634220  0.000000     0.000000   945.634220         1.000000
2025-08-28  393.412165  368.450460  343.542456  1.142178e+08     -1       1       -1      0       1       1       1        2  1.018895       NaN  1001.887461     0.000000  2.752598   945.634220   945.634220         1.000000
2025-08-29  394.183768  370.037307  341.239607  1.030990e+08     -1       1       -1      0      -1       1       0       -1  0.993297       NaN   995.171563   939.295402  0.000000     0.000000   939.295402         0.993297
2025-09-01  393.122104  369.096304  346.981016  1.010325e+08      1       0       -1      0       1       1       0        2  1.016825       NaN  1011.915479     0.000000  2.707051   939.295402   939.295402         1.000000
2025-09-02  392.386972  368.165280  352.078092  1.025657e+08      1       0       -1      0       1       1       0        2  1.014690       NaN  1026.780298     0.000000  2.707051   953.093447   953.093447         1.014690
2025-09-03  393.881410  369.373370  357.380361  1.056150e+08      1      -1        1      0       1       1       0        3  1.015060       NaN  1042.243530     0.000000  2.707051   967.446961   967.446961         1.015060
2025-09-04  393.768332  368.648536  364.052800  1.041401e+08      1      -1        1      0       1       1       0        3  1.018670       NaN  1061.702647     0.000000  2.707051   985.509596   985.509596         1.018670
2025-09-05  394.759591  371.408557  357.066571  1.004814e+08      1      -1        1      0      -1      -1      -1       -2  0.980810       NaN  1041.328412   966.597517  0.000000     0.000000   966.597517         0.980810
2025-09-08  396.572597  373.604321  358.890308  1.009347e+08      1      -1        1      0       1      -1       0        1  1.005108       NaN  1046.647053     0.000000  2.693295   966.597517   966.597517         1.000000
2025-09-09  396.063805  372.260322  346.234252  9.936121e+07     -1       0        1      0      -1      -1       0       -2  0.964736       NaN  1009.737660   932.511024  0.000000     0.000000   932.511024         0.964736
2025-09-10  398.763705  373.870774  342.610794  1.055914e+08     -1       0       -1      0      -1       1       0       -2  0.989535       NaN   999.170415   932.511024  0.000000     0.000000   932.511024         1.000000
2025-09-11  399.466427  372.871896  337.497907  1.195705e+08     -1       0       -1      0      -1       1       0       -2  0.985077       NaN   984.259486   932.511024  0.000000     0.000000   932.511024         1.000000
2025-09-12  399.338190  373.515619  337.171548  1.111267e+08     -1       1       -1      0      -1       1       0       -1  0.999033       NaN   983.307710   932.511024  0.000000     0.000000   932.511024         1.000000
2025-09-15  399.045038  373.598672  343.542456  1.142199e+08     -1       1       -1      0       1       1       1        2  1.018895       NaN  1001.887461     0.000000  2.714398   932.511024   932.511024         1.000000
2025-09-16  399.816641  375.185519  341.239607  1.030966e+08     -1       1       -1      0      -1       1       0       -1  0.993297       NaN   995.171563   926.260174  0.000000     0.000000   926.260174         0.993297
2025-09-17  398.754977  374.244516  346.981016  1.010343e+08      1       0       -1      0       1       1       0        2  1.016825       NaN  1011.915479     0.000000  2.669484   926.260174   926.260174         1.000000
2025-09-18  398.019845  373.313492  352.078092  1.025637e+08      1       0       -1      0       1       1       0        2  1.014690       NaN  1026.780298     0.000000  2.669484   939.866734   939.866734         1.014690
2025-09-19  399.514283  374.521582  357.380361  1.056167e+08      1      -1        1      0       1       1       0        3  1.015060       NaN  1042.243530     0.000000  2.669484   954.021056   954.021056         1.015060
2025-09-22  399.401205  373.796748  364.052800  1.041382e+08      1      -1        1      0       1       1       0        3  1.018670       NaN  1061.702647     0.000000  2.669484   971.833023   971.833023         1.018670
2025-09-23  400.392464  376.556769  357.066571  1.004829e+08      1      -1        1      0      -1      -1      -1       -2  0.980810       NaN  1041.328412   953.183399  0.000000     0.000000   953.183399         0.980810
2025-09-24  402.205470  378.752533  358.890308  1.009331e+08      1      -1        1      0       1      -1       0        1  1.005108       NaN  1046.647053     0.000000  2.655918   953.183399   953.183399         1.000000
2025-09-25  401.696678  377.408533  346.234252  9.936264e+07     -1       0        1      0      -1      -1       0       -2  0.964736       NaN  1009.737660   919.569947  0.000000     0.000000   919.569947         0.964736
2025-09-26  404.396577  379.018986  342.610794  1.055899e+08     -1       0       -1      0      -1       1       0       -2  0.989535       NaN   999.170415   919.569947  0.000000     0.000000   919.569947         1.000000
2025-09-29  405.099300  378.020107  337.497907  1.195718e+08     -1       0       -1      0      -1       1       0       -2  0.985077       NaN   984.259486   919.569947  0.000000     0.000000   919.569947         1.000000
2025-09-30  404.971063  378.663831  337.171548  1.111254e+08     -1       1       -1      0      -1       1       0       -1  0.999033       NaN   983.307710   919.569947  0.000000     0.000000   919.569947         1.000000
2025-10-01  404.677911  378.746884  343.542456  1.142210e+08     -1       1       -1      0       1       1       1        2  1.018895       NaN  1001.887461     0.000000  2.676729   919.569947   919.569947         1.000000
2025-10-02  405.449513  380.333731  341.239607  1.030955e+08     -1       1       -1      0      -1       1       0       -1  0.993297       NaN   995.171563   913.405844  0.000000     0.000000   913.405844         0.993297
2025-10-03  404.387850  379.392728  346.981016  1.010354e+08      1       0       -1      0       1       1       0        2  1.016825       NaN  1011.915479     0.000000  2.632438   913.405844   913.405844         1.000000
2025-10-06  403.652718  378.461704  352.078092  1.025626e+08      1       0       -1      0       1       1       0        2  1.014690       NaN  1026.780298     0.000000  2.632438   926.823578   926.823578         1.014690
2025-10-07  405.147156  379.669794  357.380361  1.056177e+08      1      -1        1      0       1       1       0        3  1.015060       NaN  1042.243530     0.000000  2.632438   940.781470   940.781470         1.015060
2025-10-08  405.034078  378.944960  364.052800  1.041373e+08      1      -1        1      0       1       1       0        3  1.018670       NaN  1061.702647     0.000000  2.632438   958.346249   958.346249         1.018670
2025-10-09  406.025337  381.704981  357.066571  1.004838e+08      1      -1        1      0      -1      -1      -1       -2  0.980810       NaN  1041.328412   939.955438  0.000000     0.000000   939.955438         0.980810
2025-10-10  407.838343  383.900745  358.890308  1.009322e+08      1      -1        1      0       1      -1       0        1  1.005108       NaN  1046.647053     0.000000  2.619061   939.955438   939.955438         1.000000
2025-10-13  407.329551  382.556745  346.234252  9.936342e+07     -1       0        1      0      -1      -1       0       -2  0.964736       NaN  1009.737660   906.808463  0.000000     0.000000   906.808463         0.964736
2025-10-14  410.029450  384.167198  342.610794  1.055892e+08     -1       0       -1      0      -1       1       0       -2  0.989535       NaN   999.170415   906.808463  0.000000     0.000000   906.808463         1.000000
2025-10-15  410.732173  383.168319  337.497907  1.195725e+08     -1       0       -1      0      -1       1       0       -2  0.985077       NaN   984.259486   906.808463  0.000000     0.000000   906.808463         1.000000
2025-10-16  410.603936  383.812043  337.171548  1.111247e+08     -1       1       -1      0      -1       1       0       -1  0.999033       NaN   983.307710   906.808463  0.000000     0.000000   906.808463         1.000000
2025-10-17  410.310784  383.895096  343.542456  1.142217e+08     -1       1       -1      0       1       1       1        2  1.018895       NaN  1001.887461     0.000000  2.639582   906.808463   906.808463         1.000000
2025-10-20  411.082386  385.481943  341.239607  1.030949e+08     -1       1       -1      0      -1       1       0       -1  0.993297       NaN   995.171563   900.729903  0.000000     0.000000   900.729903         0.993297
2025-10-21  410.020723  384.540940  346.981016  1.010360e+08      1       0       -1      0       1       1       0        2  1.016825       NaN  1011.915479     0.000000  2.595905   900.729903   900.729903         1.000000
2025-10-22  409.285591  383.609916  352.078092  1.025621e+08      1       0       -1      0       1       1       0        2  1.014690       NaN  1026.780298     0.000000  2.595905   913.961430   913.961430         1.014690
2025-10-23  410.780029  384.818006  357.380361  1.056182e+08      1      -1        1      0       1       1       0        3  1.015060       NaN  1042.243530     0.000000  2.595905   927.725619   927.725619         1.015060
2025-10-24  410.666951  384.093172  364.052800  1.041368e+08      1      -1        1      0       1       1       0        3  1.018670       NaN  1061.702647     0.000000  2.595905   945.046639   945.046639         1.018670
2025-10-27  411.658210  386.853193  357.066571  1.004843e+08      1      -1        1      0      -1      -1      -1       -2  0.980810       NaN  1041.328412   926.911050  0.000000     0.000000   926.911050         0.980810
2025-10-28  413.471216  389.048957  358.890308  1.009318e+08      1      -1        1      0       1      -1       0        1  1.005108       NaN  1046.647053     0.000000  2.582714   926.911050   926.911050         1.000000
2025-10-29  412.962424  387.704957  346.234252  9.936384e+07     -1       0        1      0      -1      -1       0       -2  0.964736       NaN  1009.737660   894.224078  0.000000     0.000000   894.224078         0.964736
2025-10-30  415.662323  389.315410  342.610794  1.055888e+08     -1       0       -1      0      -1       1       0       -2  0.989535       NaN   999.170415   894.224078  0.000000     0.000000   894.224078         1.000000
2025-10-31  416.365046  388.316531  337.497907  1.195729e+08     -1       0       -1      0      -1       1       0       -2  0.985077       NaN   984.259486   894.224078  0.000000     0.000000   894.224078         1.000000
2025-11-03  416.236809  388.960255  337.171548  1.111244e+08     -1       1       -1      0      -1       1       0       -1  0.999033       NaN   983.307710   894.224078  0.000000     0.000000   894.224078         1.000000
2025-11-04  415.943657  389.043308  343.542456  1.142220e+08     -1       1       -1      0       1       1       1        2  1.018895       NaN  1001.887461     0.000000  2.602951   894.224078   894.224078         1.000000
2025-11-05  416.715259  390.630155  341.239607  1.030945e+08     -1       1       -1      0      -1       1       0       -1  0.993297       NaN   995.171563   888.229874  0.000000     0.000000   888.229874         0.993297
2025-11-06  415.653596  389.689152  346.981016  1.010363e+08      1       0       -1      0       1       1       0        2  1.016825       NaN  1011.915479     0.000000  2.559880   888.229874   888.229874         1.000000
2025-11-07  414.918464  388.758128  352.078092  1.025618e+08      1       0       -1      0       1       1       0        2  1.014690       NaN  1026.780298     0.000000  2.559880   901.277778   901.277778         1.014690
2025-11-10  416.412902  389.966218  357.380361  1.056185e+08      1      -1        1      0       1       1       0        3  1.015060       NaN  1042.243530     0.000000  2.559880   914.850953   914.850953         1.015060
2025-11-11  416.299824  389.241384  364.052800  1.041365e+08      1      -1        1      0       1       1       0        3  1.018670       NaN  1061.702647     0.000000  2.559880   931.931598   931.931598         1.018670
2025-11-12  417.291083  392.001405  357.066571  1.004845e+08      1      -1        1      0      -1      -1      -1       -2  0.980810       NaN  1041.328412   914.047688  0.000000     0.000000   914.047688         0.980810
2025-11-13  419.104089  394.197169  358.890308  1.009316e+08      1      -1        1      0       1      -1       0        1  1.005108       NaN  1046.647053     0.000000  2.546872   914.047688   914.047688         1.000000
2025-11-14  418.595297  392.853169  346.234252  9.936406e+07     -1       0        1      0      -1      -1       0       -2  0.964736       NaN  1009.737660   881.814334  0.000000     0.000000   881.814334         0.964736
2025-11-17  421.295196  394.463622  342.610794  1.055885e+08     -1       0       -1      0      -1       1       0       -2  0.989535       NaN   999.170415   881.814334  0.000000     0.000000   881.814334         1.000000
2025-11-18  421.997919  393.464743  337.497907  1.195731e+08     -1       0       -1      0      -1       1       0       -2  0.985077       NaN   984.259486   881.814334  0.000000     0.000000   881.814334         1.000000
2025-11-19  421.869682  394.108467  337.171548  1.111242e+08     -1       1       -1      0      -1       1       0       -1  0.999033       NaN   983.307710   881.814334  0.000000     0.000000   881.814334         1.000000
2025-11-20  421.576530  394.191520  343.542456  1.142222e+08     -1       1       -1      0       1       1       1        2  1.018895       NaN  1001.887461     0.000000  2.566828   881.814334   881.814334         1.000000
2025-11-21  422.348132  395.778367  341.239607  1.030944e+08     -1       1       -1      0      -1       1       0       -1  0.993297       NaN   995.171563   875.903317  0.000000     0.000000   875.903317         0.993297
2025-11-24  421.286469  394.837364  346.981016  1.010364e+08      1       0       -1      0       1       1       0        2  1.016825       NaN  1011.915479     0.000000  2.524355   875.903317   875.903317         1.000000
2025-11-25  420.551337  393.906340  352.078092  1.025616e+08      1       0       -1      0       1       1       0        2  1.014690       NaN  1026.780298     0.000000  2.524355   888.770146   888.770146         1.014690
2025-11-26  422.045775  395.114430  357.380361  1.056186e+08      1      -1        1      0       1       1       0        3  1.015060       NaN  1042.243530     0.000000  2.524355   902.154957   902.154957         1.015060
2025-11-27  421.932697  394.389596  364.052800  1.041364e+08      1      -1        1      0       1       1       0        3  1.018670       NaN  1061.702647     0.000000  2.524355   918.998562   918.998562         1.018670
2025-11-28  422.923956  397.149617  357.066571  1.004846e+08      1      -1        1      0      -1      -1      -1       -2  0.980810       NaN  1041.328412   901.362840  0.000000     0.000000   901.362840         0.980810
2025-12-01  424.736961  399.345381  358.890308  1.009314e+08      1      -1        1      0       1      -1       0        1  1.005108       NaN  1046.647053     0.000000  2.511527   901.362840   901.362840         1.000000
2025-12-02  424.228169  398.001381  346.234252  9.936418e+07     -1       0        1      0      -1      -1       0       -2  0.964736       NaN  1009.737660   869.576809  0.000000     0.000000   869.576809         0.964736
2025-12-03  426.928069  399.611834  342.610794  1.055884e+08     -1       0       -1      0      -1       1       0       -2  0.989535       NaN   999.170415   869.576809  0.000000     0.000000   869.576809         1.000000
2025-12-04  427.630792  398.612955  337.497907  1.195732e+08     -1       0       -1      0      -1       1       0       -2  0.985077       NaN   984.259486   869.576809  0.000000     0.000000   869.576809         1.000000
2025-12-05  427.502555  399.256679  337.171548  1.111241e+08     -1       1       -1      0      -1       1       0       -1  0.999033       NaN   983.307710   869.576809  0.000000     0.000000   869.576809         1.000000
2025-12-08  427.209403  399.339732  343.542456  1.142223e+08     -1       1       -1      0       1       1       1        2  1.018895       NaN  1001.887461     0.000000  2.531206   869.576809   869.576809         1.000000
2025-12-09  427.981005  400.926579  341.239607  1.030943e+08     -1       1       -1      0      -1       1       0       -1  0.993297       NaN   995.171563   863.747823  0.000000     0.000000   863.747823         0.993297
2025-12-10  426.919342  399.985576  346.981016  1.010365e+08      1       0       -1      0       1       1       0        2  1.016825       NaN  1011.915479     0.000000  2.489323   863.747823   863.747823         1.000000
2025-12-11  426.184210  399.054552  352.078092  1.025615e+08      1       0       -1      0       1       1       0        2  1.014690       NaN  1026.780298     0.000000  2.489323   876.436091   876.436091         1.014690
2025-12-12  427.678648  400.262642  357.380361  1.056187e+08      1      -1        1      0       1       1       0        3  1.015060       NaN  1042.243530     0.000000  2.489323   889.635151   889.635151         1.015060
2025-12-15  427.565569  399.537808  364.052800  1.041363e+08      1      -1        1      0       1       1       0        3  1.018670       NaN  1061.702647     0.000000  2.489323   906.245007   906.245007         1.018670
2025-12-16  428.556829  402.297829  357.066571  1.004847e+08      1      -1        1      0      -1      -1      -1       -2  0.980810       NaN  1041.328412   888.854027  0.000000     0.000000   888.854027         0.980810
2025-12-17  430.369834  404.493593  358.890308  1.009314e+08      1      -1        1      0       1      -1       0        1  1.005108       NaN  1046.647053     0.000000  2.476673   888.854027   888.854027         1.000000
2025-12-18  429.861042  403.149593  346.234252  9.936424e+07     -1       0        1      0      -1      -1       0       -2  0.964736       NaN  1009.737660   857.509113  0.000000     0.000000   857.509113         0.964736
2025-12-19  432.560942  404.760046  342.610794  1.055884e+08     -1       0       -1      0      -1       1       0       -2  0.989535       NaN   999.170415   857.509113  0.000000     0.000000   857.509113         1.000000
2025-12-22  433.263665  403.761167  337.497907  1.195733e+08     -1       0       -1      0      -1       1       0       -2  0.985077       NaN   984.259486   857.509113  0.000000     0.000000   857.509113         1.000000
2025-12-23  433.135428  404.404891  337.171548  1.111240e+08     -1       1       -1      0      -1       1       0       -1  0.999033       NaN   983.307710   857.509113  0.000000     0.000000   857.509113         1.000000
2025-12-24  432.842276  404.487944  343.542456  1.142223e+08     -1       1       -1      0       1       1       1        2  1.018895       NaN  1001.887461     0.000000  2.496079   857.509113   857.509113         1.000000
2025-12-25  433.613878  406.074791  341.239607  1.030942e+08     -1       1       -1      0      -1       1       0       -1  0.993297       NaN   995.171563   851.761019  0.000000     0.000000   851.761019         0.993297
2025-12-26  432.552215  405.133788  346.981016  1.010366e+08      1       0       -1      0       1       1       0        2  1.016825       NaN  1011.915479     0.000000  2.454777   851.761019   851.761019         1.000000
2025-12-29  431.817082  404.202764  352.078092  1.025615e+08      1       0       -1      0       1       1       0        2  1.014690       NaN  1026.780298     0.000000  2.454777   864.273203   864.273203         1.014690
2025-12-30  433.311520  405.410854  357.380361  1.056188e+08      1      -1        1      0       1       1       0        3  1.015060       NaN  1042.243530     0.000000  2.454777   877.289092   877.289092         1.015060
2025-12-31  433.198442  404.686020  364.052800  1.041363e+08      1      -1        1      0       1       1       0        3  1.018670       NaN  1061.702647     0.000000  2.454777   893.668441   893.668441         1.018670
2026-01-01  434.189702  407.446040  357.066571  1.004847e+08      1      -1        1      0      -1      -1      -1       -2  0.980810       NaN  1041.328412   876.518808  0.000000     0.000000   876.518808         0.980810
2026-01-02  436.002707  409.641805  358.890308  1.009313e+08      1      -1        1      0       1      -1       0        1  1.005108       NaN  1046.647053     0.000000  2.442303   876.518808   876.518808         1.000000
2026-01-05  435.493915  408.297805  346.234252  9.936428e+07     -1       0        1      0      -1      -1       0       -2  0.964736       NaN  1009.737660   845.608888  0.000000     0.000000   845.608888         0.964736
2026-01-06  438.193815  409.908258  342.610794  1.055883e+08     -1       0       -1      0      -1       1       0       -2  0.989535       NaN   999.170415   845.608888  0.000000     0.000000   845.608888         1.000000
2026-01-07  438.896538  408.909379  337.497907  1.195733e+08     -1       0       -1      0      -1       1       0       -2  0.985077       NaN   984.259486   845.608888  0.000000     0.000000   845.608888         1.000000
2026-01-08  438.768301  409.553103  337.171548  1.111240e+08     -1       1       -1      0      -1       1       0       -1  0.999033       NaN   983.307710   845.608888  0.000000     0.000000   845.608888         1.000000
2026-01-09  438.475148  409.636156  343.542456  1.142224e+08     -1       1       -1      0       1       1       1        2  1.018895       NaN  1001.887461     0.000000  2.461439   845.608888   845.608888         1.000000
2026-01-12  439.246751  411.223003  341.239607  1.030942e+08     -1       1       -1      0      -1       1       0       -1  0.993297       NaN   995.171563   839.940564  0.000000     0.000000   839.940564         0.993297
2026-01-13  438.185088  410.282000  346.981016  1.010366e+08      1       0       -1      0       1       1       0        2  1.016825       NaN  1011.915479     0.000000  2.420710   839.940564   839.940564         1.000000
2026-01-14  437.449955  409.350976  352.078092  1.025615e+08      1       0       -1      0       1       1       0        2  1.014690       NaN  1026.780298     0.000000  2.420710   852.279108   852.279108         1.014690
2026-01-15  438.944393  410.559066  357.380361  1.056188e+08      1      -1        1      0       1       1       0        3  1.015060       NaN  1042.243530     0.000000  2.420710   865.114367   865.114367         1.015060
2026-01-16  438.831315  409.834232  364.052800  1.041363e+08      1      -1        1      0       1       1       0        3  1.018670       NaN  1061.702647     0.000000  2.420710   881.266409   881.266409         1.018670
2026-01-19  439.822575  412.594252  357.066571  1.004848e+08      1      -1        1      0      -1      -1      -1       -2  0.980810       NaN  1041.328412   864.354773  0.000000     0.000000   864.354773         0.980810
2026-01-20  441.635580  414.790017  358.890308  1.009313e+08      1      -1        1      0       1      -1       0        1  1.005108       NaN  1046.647053     0.000000  2.408409   864.354773   864.354773         1.000000
2026-01-21  441.126788  413.446017  346.234252  9.936430e+07     -1       0        1      0      -1      -1       0       -2  0.964736       NaN  1009.737660   833.873810  0.000000     0.000000   833.873810         0.964736
2026-01-22  443.826688  415.056470  342.610794  1.055883e+08     -1       0       -1      0      -1       1       0       -2  0.989535       NaN   999.170415   833.873810  0.000000     0.000000   833.873810         1.000000
2026-01-23  444.529411  414.057591  337.497907  1.195733e+08     -1       0       -1      0      -1       1       0       -2  0.985077       NaN   984.259486   833.873810  0.000000     0.000000   833.873810         1.000000
2026-01-26  444.401173  414.701315  337.171548  1.111240e+08     -1       1       -1      0      -1       1       0       -1  0.999033       NaN   983.307710   833.873810  0.000000     0.000000   833.873810         1.000000
2026-01-27  444.108021  414.784368  343.542456  1.142224e+08     -1       1       -1      0       1       1       1        2  1.018895       NaN  1001.887461     0.000000  2.427280   833.873810   833.873810         1.000000
2026-01-28  444.879624  416.371215  341.239607  1.030942e+08     -1       1       -1      0      -1       1       0       -1  0.993297       NaN   995.171563   828.284149  0.000000     0.000000   828.284149         0.993297
2026-01-29  443.817960  415.430212  346.981016  1.010366e+08      1       0       -1      0       1       1       0        2  1.016825       NaN  1011.915479     0.000000  2.387117   828.284149   828.284149         1.000000
2026-01-30  443.082828  414.499188  352.078092  1.025615e+08      1       0       -1      0       1       1       0        2  1.014690       NaN  1026.780298     0.000000  2.387117   840.451464   840.451464         1.014690
2026-02-02  444.577266  415.707278  357.380361  1.056188e+08      1      -1        1      0       1       1       0        3  1.015060       NaN  1042.243530     0.000000  2.387117   853.108598   853.108598         1.015060
2026-02-03  444.464188  414.982444  364.052800  1.041363e+08      1      -1        1      0       1       1       0        3  1.018670       NaN  1061.702647     0.000000  2.387117   869.036488   869.036488         1.018670
2026-02-04  445.455448  417.742464  357.066571  1.004848e+08      1      -1        1      0      -1      -1      -1       -2  0.980810       NaN  1041.328412   852.359546  0.000000     0.000000   852.359546         0.980810
2026-02-05  447.268453  419.938229  358.890308  1.009313e+08      1      -1        1      0       1      -1       0        1  1.005108       NaN  1046.647053     0.000000  2.374986   852.359546   852.359546         1.000000
2026-02-06  446.759661  418.594229  346.234252  9.936431e+07     -1       0        1      0      -1      -1       0       -2  0.964736       NaN  1009.737660   822.301588  0.000000     0.000000   822.301588         0.964736
2026-02-09  449.459561  420.204682  342.610794  1.055883e+08     -1       0       -1      0      -1       1       0       -2  0.989535       NaN   999.170415   822.301588  0.000000     0.000000   822.301588         1.000000
2026-02-10  450.162284  419.205803  337.497907  1.195733e+08     -1       0       -1      0      -1       1       0       -2  0.985077       NaN   984.259486   822.301588  0.000000     0.000000   822.301588         1.000000
2026-02-11  450.034046  419.849527  337.171548  1.111240e+08     -1       1       -1      0      -1       1       0       -1  0.999033       NaN   983.307710   822.301588  0.000000     0.000000   822.301588         1.000000
2026-02-12  449.740894  419.932580  343.542456  1.142224e+08     -1       1       -1      0       1       1       1        2  1.018895       NaN  1001.887461     0.000000  2.393595   822.301588   822.301588         1.000000
2026-02-13  450.512497  421.519427  341.239607  1.030942e+08     -1       1       -1      0      -1       1       0       -1  0.993297       NaN   995.171563   816.789498  0.000000     0.000000   816.789498         0.993297
2026-02-16  449.450833  420.578424  346.981016  1.010366e+08      1       0       -1      0       1       1       0        2  1.016825       NaN  1011.915479     0.000000  2.353989   816.789498   816.789498         1.000000
2026-02-17  448.715701  419.647400  352.078092  1.025615e+08      1       0       -1      0       1       1       0        2  1.014690       NaN  1026.780298     0.000000  2.353989   828.787959   828.787959         1.014690
2026-02-18  450.210139  420.855490  357.380361  1.056188e+08      1      -1        1      0       1       1       0        3  1.015060       NaN  1042.243530     0.000000  2.353989   841.269442   841.269442         1.015060
2026-02-19  450.097061  420.130656  364.052800  1.041362e+08      1      -1        1      0       1       1       0        3  1.018670       NaN  1061.702647     0.000000  2.353989   856.976290   856.976290         1.018670
2026-02-20  451.088320  422.890676  357.066571  1.004848e+08      1      -1        1      0      -1      -1      -1       -2  0.980810       NaN  1041.328412   840.530785  0.000000     0.000000   840.530785         0.980810
2026-02-23  452.901326  425.086441  358.890308  1.009313e+08      1      -1        1      0       1      -1       0        1  1.005108       NaN  1046.647053     0.000000  2.342027   840.530785   840.530785         1.000000
2026-02-24  452.392534  423.742441  346.234252  9.936431e+07     -1       0        1      0      -1      -1       0       -2  0.964736       NaN  1009.737660   810.889961  0.000000     0.000000   810.889961         0.964736
2026-02-25  455.092434  425.352894  342.610794  1.055883e+08     -1       0       -1      0      -1       1       0       -2  0.989535       NaN   999.170415   810.889961  0.000000     0.000000   810.889961         1.000000
2026-02-26  455.795156  424.354015  337.497907  1.195733e+08     -1       0       -1      0      -1       1       0       -2  0.985077       NaN   984.259486   810.889961  0.000000     0.000000   810.889961         1.000000
2026-02-27  455.666919  424.997739  337.171548  1.111240e+08     -1       1       -1      0      -1       1       0       -1  0.999033       NaN   983.307710   810.889961  0.000000     0.000000   810.889961         1.000000
2026-03-02  455.373767  425.080792  343.542456  1.142224e+08     -1       1       -1      0       1       1       1        2  1.018895       NaN  1001.887461     0.000000  2.360378   810.889961   810.889961         1.000000
2026-03-03  456.145370  426.667639  341.239607  1.030942e+08     -1       1       -1      0      -1       1       0       -1  0.993297       NaN   995.171563   805.454367  0.000000     0.000000   805.454367         0.993297
2026-03-04  455.083706  425.726636  346.981016  1.010366e+08      1       0       -1      0       1       1       0        2  1.016825       NaN  1011.915479     0.000000  2.321321   805.454367   805.454367         1.000000
2026-03-05  454.348574  424.795612  352.078092  1.025615e+08      1       0       -1      0       1       1       0        2  1.014690       NaN  1026.780298     0.000000  2.321321   817.286316   817.286316         1.014690
2026-03-06  455.843012  426.003702  357.380361  1.056188e+08      1      -1        1      0       1       1       0        3  1.015060       NaN  1042.243530     0.000000  2.321321   829.594586   829.594586         1.015060