Price        Adj Close       Close        High         Low        Open     Volume
Date                                                                             
2024-06-03  193.126801  194.029999  194.990005  192.520004  192.899994   50080500
2024-06-04  193.445328  194.350006  195.320007  193.029999  194.639999   47471400
2024-06-05  194.958237  195.869995  196.899994  194.869995  195.399994   54156800
2024-06-06  193.574707  194.479996  196.500000  194.169998  195.690002   41181800
2024-06-07  195.973495  196.889999  196.940002  194.139999  194.649994   53103900
2024-06-10  192.221039  193.119995  197.300003  192.149994  196.899994   97262100
2024-06-11  206.185715  207.149994  207.160004  193.630005  193.649994  172373300
2024-06-12  212.078186  213.070007  220.199997  206.899994  207.369995  198134300
2024-06-13  213.242737  214.240005  216.750000  211.600006  214.740005   97862700
2024-06-14  211.500885  212.490005  215.169998  211.300003  213.850006   70122700
2024-06-17  215.661423  216.669998  218.949997  212.720001  213.369995   93728300
2024-06-18  213.292480  214.289993  218.630005  213.000000  217.589996   79943300
2024-06-20  208.703934  209.679993  214.240005  208.850006  213.929993   86172500
2024-06-21  206.524170  207.490005  211.889999  207.110001  210.389999  246421400
2024-06-24  207.171127  208.139999  212.699997  206.589996  207.720001   80727000
2024-06-25  208.096802  209.070007  211.380005  208.610001  209.149994   56713900
2024-06-26  212.257339  213.250000  214.860001  210.639999  211.500000   66213200
2024-06-27  213.103394  214.100006  215.740005  212.350006  214.690002   49772700
2024-06-28  209.639572  210.619995  216.070007  210.300003  215.770004   82542700
2024-07-01  215.741028  216.750000  217.509995  211.919998  212.089996   60402900
2024-07-02  219.244675  220.270004  220.380005  215.100006  216.149994   58046200
2024-07-03  220.518723  221.550003  221.550003  219.029999  220.000000   37369800
2024-07-05  225.286392  226.339996  226.449997  221.649994  221.649994   60412400
2024-07-08  226.759521  227.820007  227.850006  223.250000  227.089996   59085900
2024-07-09  227.615494  228.679993  229.399994  226.369995  227.929993   48076100
2024-07-10  231.895493  232.979996  233.080002  229.250000  229.300003   62627700
2024-07-11  226.510696  227.570007  232.389999  225.770004  231.389999   64710600
2024-07-12  229.466858  230.539993  232.639999  228.679993  228.919998   53046500
2024-07-15  233.308884  234.399994  237.229996  233.089996  236.479996   62631300
2024-07-16  233.726929  234.820007  236.270004  232.330002  235.000000   43234300
2024-07-17  227.814590  228.880005  231.460007  226.639999  229.449997   57345900
2024-07-18  223.136444  224.179993  230.440002  222.270004  230.279999   66034600
2024-07-19  223.265854  224.309998  226.800003  223.279999  224.820007   49151500
2024-07-22  222.917480  223.960007  227.779999  223.089996  227.009995   48201800
2024-07-23  223.962601  225.009995  226.940002  222.679993  224.369995   39960300
2024-07-24  217.522705  218.539993  224.800003  217.130005  224.000000   61777600
2024-07-25  216.477615  217.490005  220.850006  214.619995  218.929993   51391200
2024-07-26  216.945419  217.960007  219.490005  216.009995  218.699997   41601300
2024-07-29  217.224106  218.240005  219.300003  215.750000  216.960007   36311800
2024-07-30  217.781509  218.800003  220.330002  216.119995  219.190002   41643800
2024-07-31  221.046234  222.080002  223.820007  220.630005  221.440002   50036300
2024-08-01  217.343552  218.360001  224.479996  217.020004  224.369995   62501000
2024-08-02  218.836578  219.860001  225.600006  217.710007  219.149994  105568600
2024-08-05  208.295853  209.270004  213.500000  196.000000  199.089996  119548600
2024-08-06  206.265350  207.229996  209.990005  201.070007  205.300003   69660500
2024-08-07  208.843307  209.820007  213.639999  206.389999  206.899994   63516400
2024-08-08  212.317062  213.309998  214.199997  208.830002  213.110001   47161100
2024-08-09  215.233429  216.240005  216.779999  211.970001  212.100006   42201600
2024-08-12  216.768021  217.529999  219.509995  215.600006  216.070007   38028100
2024-08-13  220.494949  221.270004  221.889999  219.009995  219.009995   44155300
2024-08-14  220.943344  221.720001  223.029999  219.699997  220.570007   41960600
2024-08-15  223.932846  224.720001  225.350006  222.759995  224.600006   46414000
2024-08-16  225.258194  226.050003  226.830002  223.649994  223.919998   44340200
2024-08-19  225.098755  225.889999  225.990005  223.039993  225.720001   40687800
2024-08-20  225.716568  226.509995  227.169998  225.449997  225.770004   30299000
2024-08-21  225.606964  226.399994  227.979996  225.050003  226.520004   34765500
2024-08-22  223.743500  224.529999  228.339996  223.899994  227.789993   43695300
2024-08-23  226.045425  226.839996  228.220001  224.330002  225.660004   38677300
2024-08-26  226.384216  227.179993  227.279999  223.889999  226.759995   30602200
2024-08-27  227.231247  228.029999  228.850006  224.889999  226.000000   35934600
2024-08-28  225.696655  226.490005  229.860001  225.679993  227.919998   38052200
2024-08-29  228.985092  229.789993  232.919998  228.880005  230.100006   51906300
2024-08-30  228.197845  229.000000  230.399994  227.479996  230.190002   52990800
2024-09-03  221.989685  222.770004  229.000000  221.169998  228.550003   50190600
2024-09-04  220.076416  220.850006  221.779999  217.479996  221.660004   43840200
2024-09-05  221.601059  222.380005  225.479996  221.520004  221.630005   36615400
2024-09-06  220.046509  220.820007  225.240005  219.770004  223.949997   48423000
2024-09-09  220.136215  220.910004  221.270004  216.710007  220.820007   67180000
2024-09-10  219.338989  220.110001  221.479996  216.729996  218.919998   51591000
2024-09-11  221.880066  222.660004  223.089996  217.889999  221.460007   44587100
2024-09-12  221.989685  222.770004  223.550003  219.820007  222.500000   37498200
2024-09-13  221.720612  222.500000  224.039993  221.910004  223.580002   36766600
2024-09-16  215.562271  216.320007  217.220001  213.919998  216.539993   59357400
2024-09-17  216.030624  216.789993  216.899994  214.500000  215.750000   45519300
2024-09-18  219.916946  220.690002  222.710007  217.539993  217.550003   59894900
2024-09-19  228.068314  228.869995  229.820007  224.630005  224.990005   66781300
2024-09-20  227.400665  228.199997  233.089996  227.619995  229.970001  318679900
2024-09-23  225.676712  226.470001  229.449997  225.809998  227.339996   54146000
2024-09-24  226.573563  227.369995  229.350006  225.729996  228.649994   43556100
2024-09-25  225.577057  226.369995  227.289993  224.020004  224.929993   42308700
2024-09-26  226.723053  227.520004  228.500000  225.410004  227.300003   36636700
2024-09-27  226.992081  227.789993  229.520004  227.300003  228.460007   34026000
2024-09-30  232.183838  233.000000  233.000000  229.649994  230.039993   54541900
2024-10-01  225.417633  226.210007  229.649994  223.740005  229.520004   63285000
2024-10-02  225.985626  226.779999  227.369995  223.020004  225.889999   32880600
2024-10-03  224.879517  225.669998  226.809998  223.320007  225.139999   34044200
2024-10-04  226.005569  226.800003  228.000000  224.130005  227.899994   37245100
2024-10-07  220.913483  221.690002  225.690002  221.330002  224.500000   39505400
2024-10-08  224.979172  225.770004  225.979996  223.250000  224.300003   31855700
2024-10-09  228.735977  229.539993  229.750000  224.830002  225.229996   33591100
2024-10-10  228.237701  229.039993  229.500000  227.169998  227.779999   28183500
2024-10-11  226.752945  227.550003  229.410004  227.339996  229.300003   31759200
2024-10-14  230.489807  231.300003  231.729996  228.600006  228.699997   39882100
2024-10-15  233.030869  233.850006  237.490005  232.369995  233.610001   64751400
2024-10-16  230.968124  231.779999  232.119995  229.839996  231.600006   34082200
2024-10-17  231.336823  232.149994  233.850006  230.520004  233.429993   32993800
2024-10-18  234.176849  235.000000  236.179993  234.009995  236.179993   46431500
2024-10-21  235.651657  236.479996  236.850006  234.449997  234.449997   36254500
2024-10-22  235.033829  235.860001  236.220001  232.600006  233.889999   38846600
2024-10-23  229.951691  230.759995  235.139999  227.759995  234.080002   52287000
2024-10-24  229.762360  230.570007  230.820007  228.410004  229.979996   31109500
2024-10-25  230.599411  231.410004  233.220001  229.570007  229.740005   38802300
2024-10-28  232.582443  233.399994  234.729996  232.550003  233.320007   36087100
2024-10-29  232.851501  233.669998  234.330002  232.320007  233.100006   35417200
2024-10-30  229.294006  230.100006  233.470001  229.550003  232.610001   47070900
2024-10-31  225.118683  225.910004  229.830002  225.369995  229.339996   64370100
2024-11-01  222.129196  222.910004  225.350006  220.270004  220.970001   65276700
2024-11-04  221.232330  222.009995  222.789993  219.710007  220.990005   44944500
2024-11-05  222.667297  223.449997  223.949997  221.139999  221.800003   28111300
2024-11-06  221.939850  222.720001  226.070007  221.190002  222.610001   54561100
2024-11-07  226.683182  227.479996  227.880005  224.570007  224.630005   42137700
2024-11-08  226.413834  226.960007  228.660004  226.410004  227.169998   38328800
2024-11-11  223.690399  224.229996  225.699997  221.500000  225.000000   42005600
2024-11-12  223.690399  224.229996  225.589996  223.360001  224.550003   40398300
2024-11-13  224.578262  225.119995  226.649994  222.759995  224.009995   48566200
2024-11-14  227.670807  228.220001  228.869995  225.000000  225.020004   44923900
2024-11-15  224.458542  225.000000  226.919998  224.270004  226.399994   47923700
2024-11-18  227.471283  228.020004  229.740005  225.169998  225.250000   44686000
2024-11-19  227.730652  228.279999  230.160004  226.660004  226.979996   36211800
2024-11-20  228.448914  229.000000  229.929993  225.889999  228.059998   35169600
2024-11-21  227.970078  228.520004  230.160004  225.710007  228.880005   42108300
2024-11-22  229.316818  229.869995  230.720001  228.059998  228.059998   38168300
2024-11-25  232.309601  232.869995  233.250000  229.740005  231.460007   90152800
2024-11-26  234.494324  235.059998  235.570007  233.330002  233.330002   45986200
2024-11-27  234.364655  234.929993  235.690002  233.809998  234.470001   33498400
2024-11-29  236.758881  237.330002  237.809998  233.970001  234.809998   28481400
2024-12-02  239.013428  239.589996  240.789993  237.160004  237.270004   48137100
2024-12-03  242.066071  242.649994  242.759995  238.899994  239.809998   38861000
2024-12-04  242.425201  243.009995  244.110001  241.250000  242.869995   44383900
2024-12-05  242.455124  243.039993  244.539993  242.130005  243.990005   40033900
2024-12-06  242.255600  242.839996  244.630005  242.080002  242.910004   36870600
2024-12-09  246.156204  246.750000  247.240005  241.750000  241.830002   44649200
2024-12-10  247.173752  247.770004  248.210007  245.339996  246.889999   36914800
2024-12-11  245.896820  246.490005  250.800003  246.259995  247.960007   45205800
2024-12-12  247.363297  247.960007  248.740005  245.679993  246.889999   32777500
2024-12-13  247.532883  248.130005  249.289993  246.240005  247.820007   33155300
2024-12-16  250.435867  251.039993  251.380005  247.649994  247.990005   51694800
2024-12-17  252.869995  253.479996  253.830002  249.779999  250.080002   51356400
2024-12-18  247.453079  248.050003  254.279999  247.740005  252.160004   56774100
2024-12-19  249.188889  249.789993  252.000000  247.089996  247.500000   60882300
2024-12-20  253.877594  254.490005  255.000000  245.690002  248.039993  147495300
2024-12-23  254.655716  255.270004  255.649994  253.449997  254.770004   40858800
2024-12-24  257.578674  258.200012  258.209991  255.289993  255.490005   23234700
2024-12-26  258.396667  259.019989  260.100006  257.630005  258.190002   27237100
2024-12-27  254.974930  255.589996  258.700012  253.059998  257.829987   42355300
2024-12-30  251.593094  252.199997  253.500000  250.750000  252.229996   35557500
2024-12-31  249.817383  250.419998  253.279999  249.429993  252.440002   39480700
2025-01-02  243.263199  243.850006  249.100006  241.820007  248.929993   55740700
2025-01-03  242.774368  243.360001  244.179993  241.889999  243.360001   40244100
2025-01-06  244.410416  245.000000  247.330002  243.199997  244.309998   45045600
2025-01-07  241.627136  242.210007  245.550003  241.350006  242.979996   40856000
2025-01-08  242.115936  242.699997  243.710007  240.050003  241.919998   37628900
2025-01-10  236.280029  236.850006  240.160004  233.000000  240.009995   61710900
2025-01-13  233.835922  234.399994  234.669998  229.720001  233.529999   49630700
2025-01-14  232.718613  233.279999  236.119995  232.470001  234.750000   39435300
2025-01-15  237.297562  237.869995  238.960007  234.429993  234.639999   39832000
2025-01-16  227.710693  228.259995  238.009995  228.029999  237.350006   71759100
2025-01-17  229.426559  229.979996  232.289993  228.479996  232.119995   68488300
2025-01-21  222.104218  222.639999  224.419998  219.380005  224.000000   98070400
2025-01-22  223.291351  223.830002  224.119995  219.789993  219.789993   64126500
2025-01-23  223.121780  223.660004  227.029999  222.300003  224.740005   60234800
2025-01-24  222.243881  222.779999  225.630005  221.410004  224.779999   54697900
2025-01-27  229.306839  229.860001  232.149994  223.979996  224.020004   94863400
2025-01-28  237.686630  238.259995  240.190002  230.809998  230.850006   75707600
2025-01-29  238.783997  239.360001  239.860001  234.009995  234.119995   45486100
2025-01-30  237.018234  237.589996  240.789993  237.210007  238.669998   55658300
2025-01-31  235.432083  236.000000  247.190002  233.440002  247.190002  101075100
2025-02-03  227.461304  228.009995  231.830002  225.699997  229.990005   73063300
2025-02-04  232.239777  232.800003  233.130005  226.649994  227.250000   45067300
2025-02-05  231.910568  232.470001  232.669998  228.270004  228.529999   39620300
2025-02-06  232.658768  233.220001  233.800003  230.429993  231.289993   29925300
2025-02-07  227.082214  227.630005  234.000000  227.259995  232.600006   39707200
2025-02-10  227.351852  227.649994  230.589996  227.199997  229.570007   33115600
2025-02-11  232.315353  232.619995  235.229996  228.130005  228.199997   53718400
2025-02-12  236.559784  236.869995  236.960007  230.679993  231.199997   45243300
2025-02-13  241.213684  241.529999  242.339996  235.570007  236.910004   53614100
2025-02-14  244.279663  244.600006  245.550003  240.990005  241.250000   40896200
2025-02-18  244.149841  244.470001  245.179993  241.839996  244.149994   48822500
2025-02-19  244.549301  244.869995  246.009995  243.160004  244.660004   32204200
2025-02-20  245.508057  245.830002  246.779999  244.289993  244.940002   32316900
2025-02-21  245.228424  245.550003  248.690002  245.220001  245.949997   53197400
2025-02-24  246.776398  247.100006  248.860001  244.419998  244.929993   51326400
2025-02-25  246.716461  247.039993  250.000000  244.910004  248.000000   48013300
2025-02-26  240.045212  240.360001  244.979996  239.130005  244.330002   44433600
2025-02-27  236.989227  237.300003  242.460007  237.059998  239.410004   41153600
2025-02-28  241.523270  241.839996  242.089996  230.199997  236.949997   56833400
2025-03-03  237.718262  238.029999  244.029999  236.110001  241.789993   47184000
2025-03-04  235.621017  235.929993  240.070007  234.679993  237.710007   53798100
2025-03-05  235.431274  235.740005  236.550003  229.229996  235.419998   47227600
2025-03-06  235.021805  235.330002  237.860001  233.160004  234.440002   45170400
2025-03-07  238.756912  239.070007  241.369995  234.759995  235.110001   46273600
2025-03-10  227.182083  227.479996  236.160004  224.220001  235.539993   72071200
2025-03-11  220.550781  220.839996  225.839996  217.449997  223.809998   76137400
2025-03-12  216.695831  216.979996  221.750000  214.910004  220.139999   62547500
2025-03-13  209.405396  209.679993  216.839996  208.419998  215.949997   61368300
2025-03-14  213.210419  213.490005  213.949997  209.580002  211.250000   60107600
2025-03-17  213.719742  214.000000  215.220001  209.970001  213.309998   48073400
2025-03-18  212.411453  212.690002  215.149994  211.490005  214.160004   42432400
2025-03-19  214.958115  215.240005  218.759995  213.750000  214.220001   54385400
2025-03-20  213.819611  214.100006  217.490005  212.220001  213.990005   48862900
2025-03-21  217.984146  218.270004  218.839996  211.279999  211.559998   94127800
2025-03-24  220.440918  220.729996  221.479996  218.580002  221.000000   44299500
2025-03-25  223.456970  223.750000  224.100006  220.080002  220.770004   34493600
2025-03-26  221.239868  221.529999  225.020004  220.470001  223.509995   34466100
2025-03-27  223.556839  223.850006  224.990005  220.559998  221.389999   37094800
2025-03-28  217.614624  217.899994  223.809998  217.679993  221.669998   39818600
2025-03-31  221.839096  222.130005  225.619995  216.229996  217.009995   65299300
2025-04-01  222.897705  223.190002  223.679993  218.899994  219.809998   36412700
2025-04-02  223.596786  223.889999  225.190002  221.020004  221.320007   35905900
2025-04-03  202.923904  203.190002  207.490005  201.250000  205.539993  103419000
2025-04-04  188.133301  188.380005  199.880005  187.339996  193.889999  125910900
2025-04-07  181.222366  181.460007  194.149994  174.619995  177.199997  160466300
2025-04-08  172.194199  172.419998  190.339996  169.210007  186.699997  120859500
2025-04-09  198.589584  198.850006  200.610001  171.889999  171.949997  184395900
2025-04-10  190.170624  190.419998  194.779999  183.000000  189.070007  121880000
2025-04-11  197.890488  198.149994  199.539993  186.059998  186.100006   87435900
2025-04-14  202.254776  202.520004  212.940002  201.160004  211.440002  101352900
2025-04-15  201.875275  202.139999  203.509995  199.800003  201.860001   51343900
2025-04-16  194.015579  194.270004  200.699997  192.369995  198.360001   59732400
2025-04-17  196.722031  196.979996  198.830002  194.419998  197.199997   51334300
2025-04-21  192.907028  193.160004  193.800003  189.809998  193.270004   46742500
2025-04-22  199.478424  199.740005  201.589996  195.970001  196.119995   52976400
2025-04-23  204.332062  204.600006  208.000000  202.800003  206.000000   52929200
2025-04-24  208.097107  208.369995  208.830002  202.940002  204.889999   47311000
2025-04-25  209.005920  209.279999  209.750000  206.199997  206.369995   38222300
2025-04-28  209.864792  210.139999  211.500000  207.460007  210.000000   38743100
2025-04-29  210.933395  211.210007  212.240005  208.369995  208.690002   36827600
2025-04-30  212.221710  212.500000  213.580002  206.669998  209.300003   52286500
2025-05-01  213.040634  213.320007  214.559998  208.899994  209.080002   57365700
2025-05-02  205.081070  205.350006  206.990005  202.160004  206.089996  101010600
2025-05-05  198.629532  198.889999  204.100006  198.210007  203.100006   69018500
2025-05-06  198.250015  198.509995  200.649994  197.020004  198.210007   51216500
2025-05-07  195.992981  196.250000  199.440002  193.250000  199.169998   68536700
2025-05-08  197.231369  197.490005  200.050003  194.679993  197.720001   50478900
2025-05-09  198.270004  198.529999  200.539993  197.539993  199.000000   36453900
2025-05-12  210.789993  210.789993  211.270004  206.750000  210.970001   63775800
2025-05-13  212.929993  212.929993  213.399994  209.000000  210.429993   51909300
2025-05-14  212.330002  212.330002  213.940002  210.580002  212.429993   49325800
2025-05-15  211.449997  211.449997  212.960007  209.539993  210.949997   45029500
2025-05-16  211.259995  211.259995  212.570007  209.770004  212.360001   54737900
2025-05-19  208.779999  208.779999  209.479996  204.259995  207.910004   46140500
2025-05-20  206.860001  206.860001  208.470001  205.029999  207.669998   42496600
2025-05-21  202.089996  202.089996  207.039993  200.710007  205.169998   59211800
2025-05-22  201.360001  201.360001  202.750000  199.699997  200.710007   46742400
2025-05-23  195.270004  195.270004  197.699997  193.460007  193.669998   78432900
2025-05-27  200.210007  200.210007  200.740005  197.429993  198.300003   56288500
2025-05-28  200.419998  200.419998  202.729996  199.899994  200.589996   45339700
2025-05-29  199.949997  199.949997  203.809998  198.509995  203.580002   51396800
2025-05-30  200.850006  200.850006  201.960007  196.779999  199.369995   70753100