                  High         Low       Close        Volume  SigMA  SigRSI  SigMACD  SigBB  SigOBV  SigATR  SigSto  Signals     %Diff  %TotDiff    Portfolio         Cash    Shares   StockValue     AlgoPort  StrategyReturns
Date                                                                                                                                                                                                                           
2025-06-02  202.296254  196.094471  200.919692  6.924286e+07      0       1        0     -1       0       0       0        0  1.000000       NaN  1000.000000  1000.000000  0.000000     0.000000  1000.000000         1.000000
2025-06-03  202.185953  196.460753  201.430411  6.563665e+07      0       1        1     -1       1      -1       0        1  1.002542       NaN  1002.541902     0.000000  4.964494  1000.000000  1000.000000         1.000000
2025-06-04  200.604594  195.497807  200.300011  6.013286e+07      0       1       -1     -1      -1      -1       0       -3  0.994388       NaN   996.915774   994.388137  0.000000     0.000000   994.388137         0.994388
2025-06-05  199.837128  194.723493  198.966601  5.817612e+07      0       1       -1     -1      -1      -1       0       -3  0.993343       NaN   990.279242   994.388137  0.000000     0.000000   994.388137         1.000000
2025-06-06  199.522080  194.716144  200.008998  6.045056e+07      0       1       -1     -1       1      -1       0       -1  1.005239       NaN   995.467370   994.388137  0.000000     0.000000   994.388137         1.000000
2025-06-09  199.454363  194.781536  200.126186  6.090831e+07      0       1       -1     -1       1      -1       0       -1  1.000586       NaN   996.050628   994.388137  0.000000     0.000000   994.388137         1.000000
2025-06-10  200.065503  195.478518  200.806410  6.197724e+07      0       1       -1     -1       1      -1       0       -1  1.003399       NaN   999.436178   994.388137  0.000000     0.000000   994.388137         1.000000
2025-06-11  199.956554  195.543338  199.480979  6.024642e+07      0       1       -1     -1      -1      -1       0       -3  0.993399       NaN   992.839362   994.388137  0.000000     0.000000   994.388137         1.000000
2025-06-12  200.137989  196.374671  200.925094  5.988414e+07      0       1       -1     -1       1      -1       0       -1  1.007239       NaN  1000.026884   994.388137  0.000000     0.000000   994.388137         1.000000
2025-06-13  200.948048  197.932901  201.222727  5.534886e+07      0       1        1     -1       1      -1       0        1  1.001481       NaN  1001.508235     0.000000  4.941729   994.388137   994.388137         1.000000
2025-06-16  201.710160  199.198639  202.574088  5.238269e+07     -1       1        1     -1       1      -1       0        0  1.006716       NaN  1008.234115     0.000000  4.941729  1001.066200  1001.066200         1.006716
2025-06-17  202.472424  200.045025  203.755759  5.866221e+07     -1       1        1     -1       1      -1       0        0  1.005833       NaN  1014.115426     0.000000  4.941729  1006.905698  1006.905698         1.005833
2025-06-18  202.806370  200.303169  203.712695  5.868004e+07      1       1        1     -1      -1      -1       0        0  0.999789       NaN  1013.901089     0.000000  4.941729  1006.692885  1006.692885         0.999789
2025-06-19  202.693780  200.793434  203.834846  5.832825e+07      1       0        1     -1       1      -1       0        1  1.000600       NaN  1014.509051     0.000000  4.941729  1007.296525  1007.296525         1.000600
2025-06-20  201.110142  199.725443  202.127264  5.631618e+07      1       0        1     -1      -1      -1       0       -1  0.991623       NaN  1006.010218   998.858114  0.000000     0.000000   998.858114         0.991623
2025-06-23  200.340406  198.848631  200.868493  5.618294e+07      1       0        1     -1      -1      -1       0       -1  0.993772       NaN   999.745177   998.858114  0.000000     0.000000   998.858114         1.000000
2025-06-24  200.023098  198.741270  200.797279  5.940965e+07      1       0        1     -1      -1      -1       0       -1  0.999645       NaN   999.390736   998.858114  0.000000     0.000000   998.858114         1.000000
2025-06-25  199.953132  198.709073  201.068532  6.036471e+07      1       0       -1     -1       1      -1       1        0  1.001351       NaN  1000.740793   998.858114  0.000000     0.000000   998.858114         1.000000
2025-06-26  200.562034  199.310833  201.816528  6.169336e+07      1       0       -1     -1       1      -1       0       -1  1.003720       NaN  1004.463654   998.858114  0.000000     0.000000   998.858114         1.000000
2025-06-27  200.450855  199.282740  200.867200  6.009817e+07      1       0       -1      0      -1      -1      -1       -3  0.995296       NaN   999.738739   998.858114  0.000000     0.000000   998.858114         1.000000
2025-06-30  200.630072  200.023412  202.262136  5.980672e+07      1       0       -1      0       1      -1       1        1  1.006945       NaN  1006.681492     0.000000  4.938434   998.858114   998.858114         1.000000
2025-07-01  201.437922  201.493180  202.529450  5.530843e+07      1       0        1      0       1      -1       0        2  1.001322       NaN  1008.011943     0.000000  4.938434  1000.178225  1000.178225         1.001322
2025-07-02  202.197834  202.672599  203.584339  5.236157e+07      1       0        1      0       1      -1       0        2  1.005209       NaN  1013.262248     0.000000  4.938434  1005.387728  1005.387728         1.005209
2025-07-03  202.957909  203.434760  204.706275  5.865119e+07      1       0        1      0       1      -1       0        2  1.005511       NaN  1018.846248     0.000000  4.938434  1010.928332  1010.928332         1.005511
2025-07-04  203.289676  203.610721  204.664260  5.867428e+07      1       0        1      0      -1      -1       0        0  0.999795       NaN  1018.637135     0.000000  4.938434  1010.720844  1010.720844         0.999795
2025-07-07  203.174916  204.020795  204.830024  5.832524e+07      1       0        1      0       1      -1      -1        1  1.000810       NaN  1019.462160     0.000000  4.938434  1011.539457  1011.539457         1.000810
2025-07-08  201.589118  202.874558  203.195217  5.631461e+07      1       0        1      0      -1      -1       0        0  0.992019       NaN  1011.325544     0.000000  4.938434  1003.466075  1003.466075         0.992019
2025-07-09  200.817232  201.921397  201.909270  5.618212e+07      1       0        1      0      -1      -1       0        0  0.993671       NaN  1004.925239     0.000000  4.938434   997.115510   997.115510         0.993671
2025-07-10  200.497784  201.739537  201.993611  5.940922e+07      1       0       -1      0       1      -1       0        0  1.000418       NaN  1005.345016     0.000000  4.938434   997.532024   997.532024         1.000418
2025-07-11  200.425688  201.634648  202.225849  6.036449e+07      1       0       -1      0       1      -1       1        1  1.001150       NaN  1006.500890     0.000000  4.938434   998.678916   998.678916         1.001150
2025-07-14  201.032467  202.165478  202.948266  6.169324e+07      1       0       -1      0       1      -1       0        0  1.003572       NaN  1010.096439     0.000000  4.938434  1002.246522  1002.246522         1.003572
2025-07-15  200.919177  202.068175  201.926166  6.009811e+07      1       0       -1      0      -1      -1      -1       -3  0.994964       NaN  1005.009334   997.198951  0.000000     0.000000   997.198951         0.994964
2025-07-16  201.096292  202.741315  203.313841  5.980668e+07      1       0       -1      0       1      -1       1        1  1.006872       NaN  1011.915948     0.000000  4.904727   997.198951   997.198951         1.000000
2025-07-17  201.902049  204.145188  203.571169  5.530841e+07      1       0       -1      0       1      -1       0        0  1.001266       NaN  1013.196698     0.000000  4.904727   998.461075   998.461075         1.001266
2025-07-18  202.659878  205.260310  204.657132  5.236156e+07      1       0        1      0       1       1       0        4  1.005335       NaN  1018.601660     0.000000  4.904727  1003.787428  1003.787428         1.005335
2025-07-21  203.417878  205.959733  205.773940  5.865118e+07      1       0        1      0       1       1       0        4  1.005457       NaN  1024.160140     0.000000  4.904727  1009.265068  1009.265068         1.005457
2025-07-22  203.747581  206.074476  205.717626  5.867428e+07      1       0        1      0      -1       1      -1        1  0.999726       NaN  1023.879858     0.000000  4.904727  1008.988862  1008.988862         0.999726
2025-07-23  203.630765  206.424817  205.862717  5.832524e+07      1       0        1      0       1       1       0        4  1.000705       NaN  1024.601990     0.000000  4.904727  1009.700491  1009.700491         1.000705
2025-07-24  202.042921  205.220295  204.202919  5.631461e+07      1       0        1      0      -1       1       0        2  0.991937       NaN  1016.340991     0.000000  4.904727  1001.559637  1001.559637         0.991937
2025-07-25  201.268998  204.210262  202.907498  5.618211e+07      1       0        1      0      -1       1       0        2  0.993656       NaN  1009.893531     0.000000  4.904727   995.205947   995.205947         0.993656
2025-07-28  200.947522  203.972909  202.954451  5.940922e+07      1       0       -1      0       1      -1       0        0  1.000231       NaN  1010.127221     0.000000  4.904727   995.436239   995.436239         1.000231
2025-07-29  200.873406  203.813873  203.179349  6.036449e+07      1       0       -1      0       1      -1       1        1  1.001108       NaN  1011.246566     0.000000  4.904727   996.539304   996.539304         1.001108
2025-07-30  201.478176  204.291868  203.892517  6.169324e+07      1       0       -1      0       1       1       0        2  1.003510       NaN  1014.796084     0.000000  4.904727  1000.037199  1000.037199         1.003510
2025-07-31  201.362885  204.143011  202.868573  6.009811e+07      1       0       -1      0      -1       1      -1       -1  0.994978       NaN  1009.699797   995.015031  0.000000     0.000000   995.015031         0.994978
2025-08-01  201.538008  204.765847  204.244490  5.980668e+07      1       0       -1      0       1       1       1        3  1.006782       NaN  1016.547893     0.000000  4.871686   995.015031   995.015031         1.000000
2025-08-04  202.341782  206.120636  204.490629  5.530841e+07      1       0       -1      0       1      -1       0        0  1.001205       NaN  1017.772955     0.000000  4.871686   996.214144   996.214144         1.001205
2025-08-05  203.097637  207.187865  205.559244  5.236156e+07      1       0        1      0       1       1      -1        3  1.005226       NaN  1023.091571     0.000000  4.871686  1001.420099  1001.420099         1.005226
2025-08-06  203.853673  207.840554  206.664412  5.865118e+07      1       0        1      0       1       1       1        5  1.005376       NaN  1028.592115     0.000000  4.871686  1006.804129  1006.804129         1.005376
2025-08-07  204.181419  207.909698  206.598011  5.867428e+07      1       0        1      0      -1       1      -1        1  0.999679       NaN  1028.261631     0.000000  4.871686  1006.480644  1006.480644         0.999679
2025-08-08  204.062656  208.215544  206.734137  5.832524e+07      1       0        1      0       1       1       0        4  1.000659       NaN  1028.939145     0.000000  4.871686  1007.143808  1007.143808         1.000659
2025-08-11  202.472873  206.967606  205.066180  5.631461e+07      1       0        1      0      -1       1       0        2  0.991932       NaN  1020.637535     0.000000  4.871686   999.018045   999.018045         0.991932
2025-08-12  201.697019  205.915210  203.760354  5.618211e+07      1       0       -1      0      -1       1       0        0  0.993632       NaN  1014.138295     0.000000  4.871686   992.656474   992.656474         0.993632
2025-08-13  201.373622  205.636521  203.801330  5.940922e+07      1       0       -1      0       1      -1       0        0  1.000201       NaN  1014.342236     0.000000  4.871686   992.856095   992.856095         1.000201
2025-08-14  201.297594  205.437152  204.015772  6.036449e+07      1       0       -1      0       1      -1       1        1  1.001052       NaN  1015.409535     0.000000  4.871686   993.900786   993.900786         1.001052
2025-08-15  201.900460  205.875791  204.718911  6.169324e+07      1       0       -1      0       1       1       0        2  1.003446       NaN  1018.909139     0.000000  4.871686   997.326261   997.326261         1.003446
2025-08-18  201.783273  205.688532  203.683934  6.009811e+07      1       0       -1      0      -1       1      -1       -1  0.994944       NaN  1013.757941   992.284177  0.000000     0.000000   992.284177         0.994944
2025-08-19  201.956508  206.273897  205.050473  5.980668e+07      1       0       -1      0       1       1       1        3  1.006709       NaN  1020.559361     0.000000  4.839219   992.284177   992.284177         1.000000
2025-08-20  202.758404  207.592124  205.287277  5.530841e+07      1       0       -1      0       1       1      -1        1  1.001155       NaN  1021.737961     0.000000  4.839219   993.430123   993.430123         1.001155
2025-08-21  203.512389  208.623677  206.347631  5.236156e+07      1       0        1      0       1       1       0        4  1.005165       NaN  1027.015465     0.000000  4.839219   998.561411   998.561411         1.005165
2025-08-22  204.266563  209.241555  207.443789  5.865118e+07      1       0        1      0       1       1       0        4  1.005312       NaN  1032.471167     0.000000  4.839219  1003.865959  1003.865959         1.005312
2025-08-25  204.592455  209.276732  207.368266  5.867428e+07      1       0        1      0      -1       1       0        2  0.999636       NaN  1032.095278     0.000000  4.839219  1003.500484  1003.500484         0.999636
2025-08-26  204.471847  209.549435  207.495221  5.832524e+07      1       0        1      0       1       1       0        4  1.000612       NaN  1032.727148     0.000000  4.839219  1004.114848  1004.114848         1.000612
2025-08-27  202.880227  208.269157  205.818092  5.631461e+07      1       0        1      0      -1       1       1        3  0.991917       NaN  1024.379890     0.000000  4.839219   995.998856   995.998856         0.991917
2025-08-28  202.102545  207.185206  204.503562  5.618211e+07      1       0       -1      0      -1       1       0        0  0.993613       NaN  1017.837322     0.000000  4.839219   989.637554   989.637554         0.993613
2025-08-29  201.777328  206.875726  204.535272  5.940922e+07      1       0       -1      0       1      -1       0        0  1.000155       NaN  1017.995149     0.000000  4.839219   989.791008   989.791008         1.000155
2025-09-01  201.699487  206.646312  204.741255  6.036449e+07      1       0       -1      0       1      -1      -1       -1  1.001007       NaN  1019.020349   990.787804  0.000000     0.000000   990.787804         1.001007
2025-09-02  202.300549  207.055635  205.435987  6.169324e+07      1       0       -1      0       1       1       0        2  1.003393       NaN  1022.478110     0.000000  4.822854   990.787804   990.787804         1.000000
2025-09-03  202.181566  206.839772  204.392873  6.009811e+07      1       0       -1      0      -1       1       1        1  0.994922       NaN  1017.286413     0.000000  4.822854   985.757017   985.757017         0.994922
2025-09-04  202.353014  207.397225  205.751136  5.980668e+07      1       0       -1      0       1       1      -1        1  1.006645       NaN  1024.046640     0.000000  4.822854   992.307719   992.307719         1.006645
2025-09-05  203.153130  208.688217  205.979770  5.530841e+07      1       0       -1      0       1       1       0        2  1.001111       NaN  1025.184576     0.000000  4.822854   993.410387   993.410387         1.001111
2025-09-08  203.905342  209.693195  207.031901  5.236156e+07      1       0        1      0       1       1       0        4  1.005108       NaN  1030.421152     0.000000  4.822854   998.484663   998.484663         1.005108
2025-09-09  204.657752  210.285144  208.120061  5.865118e+07      1       0        1      0       1       1       0        4  1.005256       NaN  1035.837049     0.000000  4.822854  1003.732701  1003.732701         1.005256
2025-09-10  204.981889  210.295019  208.036667  5.867428e+07      1       0        1      0      -1      -1       0        0  0.999599       NaN  1035.421985     0.000000  4.822854  1003.330501  1003.330501         0.999599
2025-09-11  204.859532  210.543034  208.155867  5.832524e+07      1       0        1      0       1       1       0        4  1.000573       NaN  1036.015256     0.000000  4.822854  1003.905384  1003.905384         1.000573
2025-09-12  203.266172  209.238667  206.471089  5.631461e+07      1       0        1      0      -1       1       1        3  0.991906       NaN  1027.629929     0.000000  4.822854   995.779949   995.779949         0.991906
2025-09-15  202.486757  208.131209  205.148944  5.618211e+07      1       0       -1      0      -1       1       0        0  0.993596       NaN  1021.049462     0.000000  4.822854   989.403435   989.403435         0.993596
2025-09-16  202.159815  207.798794  205.173230  5.940922e+07      1       0       -1      0       1      -1       0        0  1.000118       NaN  1021.170336     0.000000  4.822854   989.520563   989.520563         1.000118
2025-09-17  202.080258  207.547001  205.371767  6.036449e+07      1       0       -1      0       1      -1      -1       -1  1.000968       NaN  1022.158480   990.478080  0.000000     0.000000   990.478080         1.000968
2025-09-18  202.679610  207.934487  206.059148  6.169324e+07      1       0       -1      0       1      -1       0        0  1.003347       NaN  1025.579652   990.478080  0.000000     0.000000   990.478080         1.000000
2025-09-19  202.558926  207.697316  205.008742  6.009811e+07      1       0       -1      0      -1       1       1        1  0.994902       NaN  1020.351662     0.000000  4.831394   990.478080   990.478080         1.000000
2025-09-22  202.728679  208.233979  206.359833  5.980668e+07      1       0       -1      0       1       1      -1        1  1.006590       NaN  1027.076196     0.000000  4.831394   997.005735   997.005735         1.006590
2025-09-23  203.527109  209.504684  206.581378  5.530841e+07      1       0       -1      0       1      -1       0        0  1.001074       NaN  1028.178848     0.000000  4.831394   998.076105   998.076105         1.001074
2025-09-24  204.277642  210.489867  207.626525  5.236156e+07      1       0        1      0       1       1       0        4  1.005059       NaN  1033.380665     0.000000  4.831394  1003.125624  1003.125624         1.005059
2025-09-25  205.028381  211.062500  208.707763  5.865118e+07      1       0        1      0       1       1       0        4  1.005208       NaN  1038.762108     0.000000  4.831394  1008.349510  1008.349510         1.005208
2025-09-26  205.350854  211.053529  208.617522  5.867428e+07      1       0        1      0      -1      -1       0        0  0.999568       NaN  1038.312966     0.000000  4.831394  1007.913518  1007.913518         0.999568
2025-09-29  205.226842  211.283154  208.729951  5.832524e+07      1       0        1      0       1       1       0        4  1.000539       NaN  1038.872537     0.000000  4.831394  1008.456706  1008.456706         1.000539
2025-09-30  203.631832  209.960843  207.038479  5.631461e+07      1       0        1      0      -1       1       1        3  0.991896       NaN  1030.453890     0.000000  4.831394  1000.284539  1000.284539         0.991896
2025-10-01  202.850776  208.835876  205.709725  5.618211e+07      1       0       -1      0      -1       1       0        0  0.993582       NaN  1023.840534     0.000000  4.831394   993.864806   993.864806         0.993582
2025-10-02  202.522200  208.486377  205.727465  5.940922e+07      1       0       -1      0       1      -1       0        0  1.000086       NaN  1023.928825     0.000000  4.831394   993.950512   993.950512         1.000086
2025-10-03  202.441016  208.217913  205.919548  6.036449e+07      1       0       -1      0       1      -1      -1       -1  1.000934       NaN  1024.884846   994.878543  0.000000     0.000000   994.878543         1.000934
2025-10-06  203.038749  208.589133  206.600549  6.169324e+07      1       0       -1      0       1      -1       0        0  1.003307       NaN  1028.274265   994.878543  0.000000     0.000000   994.878543         1.000000
2025-10-07  202.916452  208.336090  205.543841  6.009811e+07      1       0       -1      0      -1       1       1        1  0.994885       NaN  1023.014911     0.000000  4.840226   994.878543   994.878543         1.000000
2025-10-08  203.084601  208.857266  206.888699  5.980668e+07      1       0       -1      0       1       1      -1        1  1.006543       NaN  1029.708420     0.000000  4.840226  1001.387958  1001.387958         1.006543
2025-10-09  203.881433  210.112860  207.104083  5.530841e+07      1       0       -1      0       1      -1       0        0  1.001041       NaN  1030.780410     0.000000  4.840226  1002.430464  1002.430464         1.001041
2025-10-10  204.630376  211.083298  208.143138  5.236156e+07      1       0        1      0       1       1       0        4  1.005017       NaN  1035.951903     0.000000  4.840226  1007.459724  1007.459724         1.005017
2025-10-13  205.379531  211.641544  209.218357  5.865118e+07     -1       0        1      0       1       1       0        2  1.005166       NaN  1041.303391     0.000000  4.840226  1012.664028  1012.664028         1.005166
2025-10-14  205.700428  211.618533  209.122168  5.867428e+07     -1       0        1      0      -1      -1       0       -2  0.999540       NaN  1040.824647  1012.198451  0.000000     0.000000  1012.198451         0.999540
2025-10-15  205.574846  211.834460  209.228719  5.832524e+07      1       0        1      0       1       1       0        4  1.000510       NaN  1041.354964     0.000000  4.837761  1012.198451  1012.198451         1.000000
2025-10-16  203.978274  210.498783  207.531438  5.631461e+07      1       0        1      0      -1       1       1        3  0.991888       NaN  1032.907406     0.000000  4.837761  1003.987414  1003.987414         0.991888
2025-10-17  203.195663  209.360774  206.196942  5.618211e+07      1       0       -1      0      -1       1       0        0  0.993570       NaN  1026.265469     0.000000  4.837761   997.531441   997.531441         0.993570
2025-10-20  202.865539  208.998549  206.209008  5.940922e+07      1       0       -1      0       1      -1       0        0  1.000059       NaN  1026.325523     0.000000  4.837761   997.589814   997.589814         1.000059
2025-10-21  202.782813  208.717667  206.395482  6.036449e+07      1       0       -1      0       1      -1      -1       -1  1.000904       NaN  1027.253624   998.491930  0.000000     0.000000   998.491930         1.000904
2025-10-22  203.379012  209.076771  207.070939  6.169324e+07      1       0       -1      0       1      -1       0        0  1.003273       NaN  1030.615449   998.491930  0.000000     0.000000   998.491930         1.000000
2025-10-23  203.255188  208.811906  206.008751  6.009811e+07      1       0       -1      0      -1       1       1        1  0.994870       NaN  1025.328819     0.000000  4.846842   998.491930   998.491930         1.000000
2025-10-24  203.421816  209.321546  207.348193  5.980668e+07      1       0       -1      0       1       1      -1        1  1.006502       NaN  1031.995375     0.000000  4.846842  1004.983995  1004.983995         1.006502
2025-10-27  204.217134  210.565883  207.558225  5.530841e+07      1       0       -1      0       1      -1       0        0  1.001013       NaN  1033.040724     0.000000  4.846842  1006.001984  1006.001984         1.001013
2025-10-28  204.964570  211.525337  208.591990  5.236156e+07      1       0        1      0       1       1       0        4  1.004981       NaN  1038.185891     0.000000  4.846842  1011.012481  1011.012481         1.004981
2025-10-29  205.712225  212.072866  209.661981  5.865118e+07     -1       0        1      0       1       1       0        2  1.005130       NaN  1043.511356     0.000000  4.846842  1016.198558  1016.198558         1.005130
2025-10-30  206.031628  212.039398  209.560624  5.867428e+07     -1       0        1      0      -1      -1       0       -2  0.999517       NaN  1043.006892  1015.707298  0.000000     0.000000  1015.707298         0.999517
2025-10-31  205.904560  212.245121  209.662068  5.832524e+07      1       0        1      0       1       1       0        4  1.000484       NaN  1043.511788     0.000000  4.844497  1015.707298  1015.707298         1.000000
2025-11-03  204.306508  210.899487  207.959739  5.631461e+07      1       0        1      0      -1       1       1        3  0.991881       NaN  1035.039106     0.000000  4.844497  1007.460371  1007.460371         0.991881
2025-11-04  203.522424  209.751764  206.620254  5.618211e+07      1       0       -1      0      -1       1       0        0  0.993559       NaN  1028.372337     0.000000  4.844497  1000.971239  1000.971239         0.993559
2025-11-05  203.190832  209.380059  206.627388  5.940922e+07      1       0       -1      0       1      -1       0        0  1.000035       NaN  1028.407847     0.000000  4.844497  1001.005803  1001.005803         1.000035
2025-11-06  203.106646  209.089928  206.808989  6.036449e+07      1       0       -1      0       1      -1      -1       -1  1.000879       NaN  1029.311692  1001.885565  0.000000     0.000000  1001.885565         1.000879
2025-11-07  203.701391  209.440007  207.479629  6.169324e+07      1       0       -1      0       1      -1       0        0  1.003243       NaN  1032.649544  1001.885565  0.000000     0.000000  1001.885565         1.000000
2025-11-10  203.576120  209.166335  206.412680  6.009811e+07      1       0       -1      0      -1       1       1        1  0.994858       NaN  1027.339220     0.000000  4.853799  1001.885565  1001.885565         1.000000
2025-11-11  203.741308  209.667382  207.747417  5.980668e+07      1       0       -1      0       1       1      -1        1  1.006466       NaN  1033.982357     0.000000  4.853799  1008.364109  1008.364109         1.006466
2025-11-12  204.535191  210.903334  207.952798  5.530841e+07      1       0       -1      0       1      -1       0        0  1.000989       NaN  1035.004561     0.000000  4.853799  1009.360987  1009.360987         1.000989
2025-11-13  205.281200  211.854607  208.981967  5.236156e+07      1       0        1      0       1       1       0        4  1.004949       NaN  1040.126850     0.000000  4.853799  1014.356365  1014.356365         1.004949
2025-11-14  206.027433  212.394153  210.047415  5.865118e+07     -1       0        1      0       1       1       0        2  1.005098       NaN  1045.429706     0.000000  4.853799  1019.527836  1019.527836         1.005098
2025-11-17  206.345422  212.352896  209.941569  5.867428e+07     -1       0        1      0      -1      -1       0       -2  0.999496       NaN  1044.902896  1019.014078  0.000000     0.000000  1019.014078         0.999496
2025-11-18  206.216944  212.551018  210.038575  5.832524e+07      1       0        1      0       1       1       0        4  1.000462       NaN  1045.385706     0.000000  4.851557  1019.014078  1019.014078         1.000000
2025-11-19  204.617491  211.197968  208.331860  5.631461e+07      1       0        1      0      -1       1       1        3  0.991874       NaN  1036.891195     0.000000  4.851557  1010.733855  1010.733855         0.991874
2025-11-20  203.832010  210.043008  206.988040  5.618211e+07      1       0       -1      0      -1       1       0        0  0.993550       NaN  1030.202851     0.000000  4.851557  1004.214237  1004.214237         0.993550
2025-11-21  203.499029  209.664242  206.990891  5.940922e+07      1       0       -1      0       1      -1       0        0  1.000014       NaN  1030.217039     0.000000  4.851557  1004.228066  1004.228066         1.000014
2025-11-24  203.413460  209.367221  207.168257  6.036449e+07      1       0       -1      0       1      -1      -1       -1  1.000857       NaN  1031.099809  1005.088567  0.000000     0.000000  1005.088567         1.000857
2025-11-25  204.006827  209.710577  207.834712  6.169324e+07      1       0       -1      0       1      -1       0        0  1.003217       NaN  1034.416832  1005.088567  0.000000     0.000000  1005.088567         1.000000
2025-11-26  203.880185  209.430345  206.763627  6.009811e+07      1       0       -1      0      -1       1       1        1  0.994846       NaN  1029.085921     0.000000  4.861051  1005.088567  1005.088567         1.000000
2025-11-27  204.044007  209.924991  208.094276  5.980668e+07      1       0       -1      0       1       1      -1        1  1.006436       NaN  1035.708711     0.000000  4.861051  1011.556920  1011.556920         1.006436
2025-11-28  204.836533  211.154697  208.295616  5.530841e+07      1       0       -1      0       1      -1       0        0  1.000968       NaN  1036.710805     0.000000  4.861051  1012.535646  1012.535646         1.000968
2025-12-01  205.581188  212.099876  209.320792  5.236156e+07      1       0        1      0       1       1       0        4  1.004922       NaN  1041.813220     0.000000  4.861051  1017.519077  1017.519077         1.004922
2025-12-02  206.326075  212.633475  210.382293  5.865118e+07     -1       0        1      0       1       1       0        2  1.005071       NaN  1047.096432     0.000000  4.861051  1022.679089  1022.679089         1.005071
2025-12-03  206.642723  212.586416  210.272546  5.867428e+07     -1       0        1      0      -1      -1       0       -2  0.999478       NaN  1046.550206  1022.145601  0.000000     0.000000  1022.145601         0.999478
2025-12-04  206.512911  212.778877  210.365696  5.832524e+07      1       0        1      0       1       1       0        4  1.000443       NaN  1047.013827     0.000000  4.858899  1022.145601  1022.145601         1.000000
2025-12-05  204.912128  211.420302  208.655171  5.631461e+07      1       0        1      0      -1       1       1        3  0.991869       NaN  1038.500350     0.000000  4.858899  1013.834333  1013.834333         0.991869
2025-12-08  204.125325  210.259952  207.307585  5.618211e+07      1       0       -1      0      -1       1       0        0  0.993542       NaN  1031.793262     0.000000  4.858899  1007.286548  1007.286548         0.993542
2025-12-09  203.791027  209.875926  207.306713  5.940922e+07      1       0       -1      0      -1      -1       0       -2  0.999996       NaN  1031.788924  1007.282313  0.000000     0.000000  1007.282313         0.999996
2025-12-10  203.704147  209.573773  207.480400  6.036449e+07      1       0       -1      0       1      -1      -1       -1  1.000838       NaN  1032.653384  1007.282313  0.000000     0.000000  1007.282313         1.000000
2025-12-11  204.296210  209.912121  208.143219  6.169324e+07      1       0       -1      0       1      -1       0        0  1.003195       NaN  1035.952309  1007.282313  0.000000     0.000000  1007.282313         1.000000
2025-12-12  204.168269  209.627002  207.068541  6.009811e+07      1       0       -1      0      -1       1       1        1  0.994837       NaN  1030.603512     0.000000  4.864487  1007.282313  1007.282313         1.000000
2025-12-15  204.330798  210.116880  208.395638  5.980668e+07      1       0       -1      0       1      -1      -1       -1  1.006409       NaN  1037.208624  1013.737960  0.000000     0.000000  1013.737960         1.006409
2025-12-16  205.122036  211.341935  208.593468  5.530841e+07      1       0       -1      0       1      -1       0        0  1.000949       NaN  1038.193246  1013.737960  0.000000     0.000000  1013.737960         1.000000
2025-12-17  205.865410  212.282574  209.615174  5.236156e+07      1       0        1      0       1       1       0        4  1.004898       NaN  1043.278392     0.000000  4.836186  1013.737960  1013.737960         1.000000
2025-12-18  206.609021  212.811744  210.673246  5.865118e+07     -1       0        1      0       1      -1       0        0  1.005048       NaN  1048.544537     0.000000  4.836186  1018.854993  1018.854993         1.005048
2025-12-19  206.924398  212.760362  210.560109  5.867428e+07     -1       0        1      0      -1      -1       0       -2  0.999463       NaN  1047.981443  1018.307843  0.000000     0.000000  1018.307843         0.999463
2025-12-22  206.793322  212.948606  210.649910  5.832524e+07      1       0        1      0       1       1       0        4  1.000426       NaN  1048.428392     0.000000  4.834124  1018.307843  1018.307843         1.000000
2025-12-23  205.191281  211.585916  208.936074  5.631461e+07      1       0        1      0      -1       1       1        3  0.991864       NaN  1039.898437     0.000000  4.834124  1010.022948  1010.022948         0.991864
2025-12-24  204.403225  210.421551  207.585216  5.618211e+07      1       0       -1      0      -1       1       0        0  0.993535       NaN  1033.175063     0.000000  4.834124  1003.492731  1003.492731         0.993535
2025-12-25  204.067679  210.033607  207.581110  5.940922e+07      1       0       -1      0      -1      -1       0       -2  0.999980       NaN  1033.154628  1003.472883  0.000000     0.000000  1003.472883         0.999980
2025-12-26  203.979557  209.727631  207.751601  6.036449e+07      1       0       -1      0       1      -1      -1       -1  1.000821       NaN  1034.003180  1003.472883  0.000000     0.000000  1003.472883         1.000000
2025-12-29  204.570384  210.062248  208.411261  6.169324e+07      1       0       -1      0       1      -1       0        0  1.003175       NaN  1037.286382  1003.472883  0.000000     0.000000  1003.472883         1.000000
2025-12-30  204.441212  209.773490  207.333460  6.009811e+07      1       0       -1      0      -1       1       1        1  0.994828       NaN  1031.922045     0.000000  4.839898  1003.472883  1003.472883         1.000000
2025-12-31  204.602516  210.259817  208.657471  5.980668e+07      1       0       -1      0       1      -1      -1       -1  1.006386       NaN  1038.511797  1009.880962  0.000000     0.000000  1009.880962         1.006386
2026-01-01  205.392534  211.481406  208.852251  5.530841e+07      1       0       -1      0       1      -1       0        0  1.000933       NaN  1039.481239  1009.880962  0.000000     0.000000  1009.880962         1.000000
2026-01-02  206.134693  212.418664  209.870942  5.236156e+07      1       0        1      0       1       1       0        4  1.004878       NaN  1044.551382     0.000000  4.811914  1009.880962  1009.880962         1.000000
2026-01-05  206.877096  212.944534  210.926035  5.865118e+07     -1       0        1      0       1      -1       0        0  1.005027       NaN  1049.802698     0.000000  4.811914  1014.957978  1014.957978         1.005027
2026-01-06  207.191270  212.889933  210.809954  5.867428e+07     -1       0        1      0      -1       1       0        0  0.999450       NaN  1049.224948     0.000000  4.811914  1014.399405  1014.399405         0.999450
2026-01-07  207.058996  213.075035  210.896844  5.832524e+07      1       0        1      0       1       1       0        4  1.000412       NaN  1049.657412     0.000000  4.811914  1014.817514  1014.817514         1.000412
2026-01-08  205.455762  211.709280  209.180132  5.631461e+07      1       0        1      0      -1       1       1        3  0.991860       NaN  1041.113141     0.000000  4.811914  1006.556842  1006.556842         0.991860
2026-01-09  204.666518  210.541924  207.826431  5.618211e+07      1       0       -1      0      -1       1       0        0  0.993529       NaN  1034.375617     0.000000  4.811914  1000.042948  1000.042948         0.993529
2026-01-12  204.329791  210.151061  207.819515  5.940922e+07      1       0       -1      0      -1      -1       0       -2  0.999967       NaN  1034.341197  1000.009671  0.000000     0.000000  1000.009671         0.999967
2026-01-13  204.240492  209.842238  207.987229  6.036449e+07      1       0       -1      0       1      -1      -1       -1  1.000807       NaN  1035.175927  1000.009671  0.000000     0.000000  1000.009671         1.000000
2026-01-14  204.830147  210.174077  208.644144  6.169324e+07      1       0       -1      0       1      -1       0        0  1.003158       NaN  1038.445467  1000.009671  0.000000     0.000000  1000.009671         1.000000
2026-01-15  204.699809  209.882607  207.563630  6.009811e+07      1       0       -1      0      -1       1       1        1  0.994821       NaN  1033.067629     0.000000  4.817846  1000.009671  1000.009671         1.000000
2026-01-16  204.859952  210.366288  208.884960  5.980668e+07      1       0       -1      0       1      -1      -1       -1  1.006366       NaN  1039.644037  1006.375635  0.000000     0.000000  1006.375635         1.006366
2026-01-19  205.648815  211.585296  209.077090  5.530841e+07      1       0       -1      0       1      -1       0        0  1.000920       NaN  1040.600290  1006.375635  0.000000     0.000000  1006.375635         1.000000
2026-01-20  206.389824  212.520035  210.093163  5.236156e+07      1       0        1      0       1       1       0        4  1.004860       NaN  1045.657397     0.000000  4.790140  1006.375635  1006.375635         1.000000
2026-01-21  207.131081  213.043448  211.145667  5.865118e+07     -1       0        1      0       1      -1       0        0  1.005010       NaN  1050.895829     0.000000  4.790140  1011.417278  1011.417278         1.005010
2026-01-22  207.444115  212.986449  211.027027  5.867428e+07     -1       0        1      0      -1       1       0        0  0.999438       NaN  1050.305345     0.000000  4.790140  1010.848976  1010.848976         0.999438
2026-01-23  207.310706  213.169211  211.111389  5.832524e+07      1       0        1      0       1       1       0        4  1.000400       NaN  1050.725224     0.000000  4.790140  1011.253082  1011.253082         1.000400
2026-01-26  205.706342  211.801172  209.392177  5.631461e+07      1       0        1      0      -1       1       1        3  0.991856       NaN  1042.168514     0.000000  4.790140  1003.017818  1003.017818         0.991856
2026-01-27  204.915974  210.631588  208.036006  5.618211e+07      1       0       -1      0      -1       1       0        0  0.993523       NaN  1035.418697     0.000000  4.790140   996.521569   996.521569         0.993523
2026-01-28  204.578126  210.238552  208.026649  5.940922e+07      1       0       -1      0      -1      -1       0       -2  0.999955       NaN  1035.372127   996.476748  0.000000     0.000000   996.476748         0.999955
2026-01-29  204.487713  209.927607  208.191950  6.036449e+07      1       0       -1      0       1      -1      -1       -1  1.000795       NaN  1036.194847   996.476748  0.000000     0.000000   996.476748         1.000000
2026-01-30  205.076258  210.257376  208.846480  6.169324e+07      1       0       -1      0       1      -1       0        0  1.003144       NaN  1039.452519   996.476748  0.000000     0.000000   996.476748         1.000000
2026-02-02  204.944815  209.963887  207.763610  6.009811e+07      1       0       -1      0      -1       1       1        1  0.994815       NaN  1034.062949     0.000000  4.796204   996.476748   996.476748         1.000000
2026-02-03  205.103859  210.445598  209.082610  5.980668e+07      1       0       -1      0       1      -1      -1       -1  1.006349       NaN  1040.627763  1002.802943  0.000000     0.000000  1002.802943         1.006349
2026-02-04  205.891626  211.662683  209.272438  5.530841e+07      1       0       -1      0       1      -1       0        0  1.000908       NaN  1041.572557  1002.802943  0.000000     0.000000  1002.802943         1.000000
2026-02-05  206.631545  212.595546  210.286235  5.236156e+07     -1       0        1      0       1       1       0        2  1.004844       NaN  1046.618338     0.000000  4.768752  1002.802943  1002.802943         1.000000
2026-02-06  207.371717  213.117127  211.336490  5.865118e+07     -1       0        1      0       1      -1       0        0  1.004994       NaN  1051.845577     0.000000  4.768752  1007.811350  1007.811350         1.004994
2026-02-09  207.683671  213.058342  211.215627  5.867428e+07     -1       0        1      0      -1       1       0        0  0.999428       NaN  1051.244030     0.000000  4.768752  1007.234986  1007.234986         0.999428
2026-02-10  207.549187  213.239361  211.297792  5.832524e+07      1       0        1      0       1       1       0        4  1.000389       NaN  1051.652974     0.000000  4.768752  1007.626810  1007.626810         1.000389
2026-02-11  205.943752  211.869622  209.576409  5.631461e+07      1       0        1      0      -1       1       1        3  0.991853       NaN  1043.085458     0.000000  4.768752   999.417962   999.417962         0.991853
2026-02-12  205.152318  210.698378  208.218092  5.618211e+07      1       0       -1      0      -1       1       0        0  0.993519       NaN  1036.324959     0.000000  4.768752   992.940484   992.940484         0.993519
2026-02-13  204.813410  210.303722  208.206614  5.940922e+07      1       0       -1      0      -1      -1       0       -2  0.999945       NaN  1036.267832   992.885748  0.000000     0.000000   992.885748         0.999945
2026-02-16  204.721940  209.991198  208.369819  6.036449e+07      1       0       -1      0       1      -1      -1       -1  1.000784       NaN  1037.080119   992.885748  0.000000     0.000000   992.885748         1.000000
2026-02-17  205.309434  210.319425  209.022277  6.169324e+07      1       0       -1      0       1      -1       0        0  1.003131       NaN  1040.327478   992.885748  0.000000     0.000000   992.885748         1.000000
2026-02-18  205.176945  210.024432  207.937359  6.009811e+07      1       0       -1      0      -1       1       1        1  0.994810       NaN  1034.927717     0.000000  4.774927   992.885748   992.885748         1.000000
2026-02-19  205.334946  210.504674  209.254335  5.980668e+07      1       0       -1      0       1      -1      -1       -1  1.006334       NaN  1041.482457   999.174215  0.000000     0.000000   999.174215         1.006334
2026-02-20  206.121676  211.720327  209.442162  5.530841e+07      1       0       -1      0       1      -1       0        0  1.000898       NaN  1042.417295   999.174215  0.000000     0.000000   999.174215         1.000000
2026-02-23  206.860563  212.651792  210.453982  5.236156e+07     -1       0        1      0       1       1       0        2  1.004831       NaN  1047.453236     0.000000  4.747709   999.174215   999.174215         1.000000
2026-02-24  207.599706  213.172010  211.502283  5.865118e+07     -1       0        1      0       1      -1       0        0  1.004981       NaN  1052.670749     0.000000  4.747709  1004.151243  1004.151243         1.004981
2026-02-25  207.910637  213.111894  211.379489  5.867428e+07     -1       0        1      0      -1       1       0        0  0.999419       NaN  1052.059590     0.000000  4.747709  1003.568253  1003.568253         0.999419
2026-02-26  207.775133  213.291615  211.459745  5.832524e+07      1       0        1      0       1       1       0        4  1.000380       NaN  1052.459034     0.000000  4.747709  1003.949286  1003.949286         1.000380
2026-02-27  206.168685  211.920609  209.736476  5.631461e+07      1       0        1      0      -1       1       1        3  0.991851       NaN  1043.882128     0.000000  4.747709   995.767705   995.767705         0.991851
2026-03-02  205.376241  210.748129  208.376294  5.618211e+07      1       0       -1      0      -1       1       0        0  0.993515       NaN  1037.112349     0.000000  4.747709   989.309958   989.309958         0.993515
2026-03-03  205.036328  210.352267  208.362973  5.940922e+07      1       0       -1      0      -1      -1       0       -2  0.999936       NaN  1037.046050   989.246715  0.000000     0.000000   989.246715         0.999936
2026-03-04  204.943857  210.038566  208.524356  6.036449e+07      1       0       -1      0       1      -1      -1       -1  1.000775       NaN  1037.849271   989.246715  0.000000     0.000000   989.246715         1.000000
2026-03-05  205.530355  210.365645  209.175015  6.169324e+07      1       0       -1      0       1      -1       0        0  1.003120       NaN  1041.087671   989.246715  0.000000     0.000000   989.246715         1.000000
2026-03-06  205.396874  210.069531  208.088317  6.009811e+07      1       0       -1      0      -1       1       1        1  0.994805       NaN  1035.679054     0.000000  4.753975   989.246715   989.246715         1.000000